texture.png 86 32 12 62 17
(0 0 0 0 32 32 -1 0)
(0 0 0 0 32 32 -1 0)
(0 0 0 0 32 32 -1 0)
(0 0 0 0 32 32 -1 0)
(0 0 0 0 32 32 -1 0)
(0 0 0 0 32 32 -1 0)
(0 0 0 0 32 32 -1 0)
(0 0 0 0 32 32 -1 0)
(0 0 0 0 32 32 -1 0)
(0 0 0 0 32 32 -1 0)
(0 0 0 0 32 32 -1 0)
(0 0 0 0 32 32 -1 0)
(0 0 0 0 32 32 -1 0)
(0 0 0 0 32 32 -1 0)
(0 0 0 0 32 32 -1 0)
(0 0 0 0 32 32 -1 0)
(0 0 0 0 32 32 -1 0)
(0 0 0 0 32 32 -1 0)
(0 0 0 0 32 32 -1 0)
(0 0 0 0 32 32 -1 0)
(0 0 0 0 32 32 -1 0)
(0 0 0 0 32 32 -1 0)
(0 0 0 0 32 32 -1 0)
(0 0 0 0 32 32 -1 0)
(0 0 0 0 32 32 -1 0)
(0 0 0 0 32 32 -1 0)
(0 0 0 0 32 32 -1 0)
(0 0 0 0 32 32 -1 0)
(0 0 0 0 32 32 -1 0)
(0 0 0 0 32 32 -1 0)
(0 0 0 0 32 32 -1 0)
(0 0 0 0 32 32 -1 0)
(0 0 0 0 32 32 -1 0)
(0 0 0 0 32 32 -1 0)
(0 0 0 0 32 32 -1 0)
(0 0 0 0 32 32 -1 0)
(0 0 0 0 32 32 -1 0)
(0 0 0 0 32 32 -1 0)
(0 0 0 0 32 32 -1 0)
(0 0 0 0 32 32 -1 0)
(0 0 0 0 32 32 -1 0)
(0 0 0 0 32 32 -1 0)
(0 0 0 0 32 32 -1 0)
(0 0 0 0 32 32 -1 0)
(0 0 0 0 32 32 -1 0)
(0 0 0 0 32 32 -1 0)
(0 0 0 0 32 32 -1 0)
(0 0 0 0 32 32 -1 0)
(0 0 0 0 32 32 -1 0)
(0 0 0 0 32 32 -1 0)
(0 0 0 0 32 32 -1 0)
(0 0 0 0 32 32 -1 0)
(0 0 0 0 32 32 -1 0)
(0 0 0 0 32 32 -1 0)
(0 0 0 0 32 32 -1 0)
(0 0 0 0 32 32 -1 0)
(0 0 0 0 32 32 -1 0)
(0 0 0 0 32 32 -1 0)
(0 0 0 0 32 32 -1 0)
(0 0 0 0 32 32 -1 0)
(0 0 0 0 32 32 -1 0)
(0 0 0 0 32 32 -1 0)
(0 0 0 0 32 32 -1 0)
(0 0 0 0 32 32 -1 0)
(0 0 0 0 32 32 -1 0)
(0 1 0 0 32 32 -1 0)
(0 1 0 0 32 32 -1 0)
(0 1 0 0 32 32 -1 0)
(0 1 0 0 32 32 -1 0)
(0 1 0 0 32 32 -1 0)
(0 1 0 0 32 32 -1 0)
(0 1 0 0 32 32 -1 0)
(0 1 0 0 32 32 -1 0)
(0 1 0 0 32 32 -1 0)
(0 1 0 0 32 32 -1 0)
(0 1 0 0 32 32 -1 0)
(0 1 0 0 32 32 -1 0)
(0 1 0 0 32 32 -1 0)
(0 1 0 0 32 32 -1 0)
(0 1 0 0 32 32 -1 0)
(0 1 0 0 32 32 -1 0)
(0 1 0 0 32 32 -1 0)
(0 1 0 0 32 32 -1 0)
(0 1 0 0 32 32 -1 0)
(0 1 0 0 32 32 -1 0)
(0 1 0 0 32 32 -1 0)
(0 1 0 0 32 32 -1 0)
(0 1 0 0 32 32 -1 0)
(0 1 0 0 32 32 -1 0)
(0 1 0 0 32 32 -1 0)
(0 1 0 0 32 32 -1 0)
(0 1 0 0 32 32 -1 0)
(0 1 0 0 32 32 -1 0)
(0 1 0 0 32 32 -1 0)
(0 1 0 0 32 32 -1 0)
(0 1 0 0 32 32 -1 0)
(0 1 0 0 32 32 -1 0)
(0 1 0 0 32 32 -1 0)
(0 1 0 0 32 32 -1 0)
(0 1 0 0 32 32 -1 0)
(0 1 0 0 32 32 -1 0)
(0 1 0 0 32 32 -1 0)
(0 1 0 0 32 32 -1 0)
(0 1 0 0 32 32 -1 0)
(0 1 0 0 32 32 -1 0)
(0 1 0 0 32 32 -1 0)
(0 1 0 0 32 32 -1 0)
(0 1 0 0 32 32 -1 0)
(0 1 0 0 32 32 -1 0)
(0 1 0 0 32 32 -1 0)
(0 1 0 0 32 32 -1 0)
(0 1 0 0 32 32 -1 0)
(0 1 0 0 32 32 -1 0)
(0 1 0 0 32 32 -1 0)
(0 1 0 0 32 32 -1 0)
(0 1 0 0 32 32 -1 0)
(0 1 0 0 32 32 -1 0)
(0 1 0 0 32 32 -1 0)
(0 1 0 0 32 32 -1 0)
(0 1 0 0 32 32 -1 0)
(0 1 0 0 32 32 -1 0)
(0 1 0 0 32 32 -1 0)
(0 1 0 0 32 32 -1 0)
(0 0 0 0 32 32 -1 0)
(0 0 0 0 32 32 -1 0)
(0 0 0 0 32 32 -1 0)
(0 0 0 0 32 32 -1 0)
(0 1 0 0 32 32 -1 0)
(0 1 0 0 32 32 -1 0)
(-1 0 0 0 32 32 -1 0)
(-1 0 0 0 32 32 -1 0)
(-1 0 0 0 32 32 -1 0)
(-1 0 0 0 32 32 -1 0)
(-1 0 0 0 32 32 -1 0)
(-1 0 0 0 32 32 -1 0)
(-1 0 0 0 32 32 -1 0)
(-1 0 0 0 32 32 -1 0)
(-1 0 0 0 32 32 -1 0)
(-1 0 0 0 32 32 -1 0)
(-1 0 0 0 32 32 -1 0)
(-1 0 0 0 32 32 -1 0)
(-1 0 0 0 32 32 -1 0)
(-1 0 0 0 32 32 -1 0)
(-1 0 0 0 32 32 -1 0)
(-1 0 0 0 32 32 -1 0)
(-1 0 0 0 32 32 -1 0)
(-1 0 0 0 32 32 -1 0)
(-1 0 0 0 32 32 -1 0)
(-1 0 0 0 32 32 -1 0)
(-1 0 0 0 32 32 -1 0)
(-1 0 0 0 32 32 -1 0)
(-1 0 0 0 32 32 -1 0)
(-1 0 0 0 32 32 -1 0)
(-1 0 0 0 32 32 -1 0)
(-1 0 0 0 32 32 -1 0)
(-1 0 0 0 32 32 -1 0)
(-1 0 0 0 32 32 -1 0)
(-1 0 0 0 32 32 -1 0)
(-1 0 0 0 32 32 -1 0)
(-1 0 0 0 32 32 -1 0)
(-1 0 0 0 32 32 -1 0)
(-1 0 0 0 32 32 -1 0)
(-1 0 0 0 32 32 -1 0)
(-1 0 0 0 32 32 -1 0)
(-1 0 0 0 32 32 -1 0)
(-1 0 0 0 32 32 -1 0)
(-1 0 0 0 32 32 -1 0)
(-1 0 0 0 32 32 -1 0)
(-1 0 0 0 32 32 -1 0)
(-1 0 0 0 32 32 -1 0)
(-1 0 0 0 32 32 -1 0)
(-1 0 0 0 32 32 -1 0)
(-1 0 0 0 32 32 -1 0)
(-1 0 0 0 32 32 -1 0)
(-1 0 0 0 32 32 -1 0)
(-1 0 0 0 32 32 -1 0)
(-1 0 0 0 32 32 -1 0)
(0 1 0 0 32 32 -1 0)
(0 2 0 0 32 32 -1 0)
(0 2 0 0 32 32 -1 0)
(0 3 0 0 32 32 -1 0)
(0 1 0 0 32 32 -1 0)
(0 1 0 0 32 32 -1 0)
(0 0 0 0 32 32 -1 0)
(0 0 0 0 32 32 -1 0)
(0 1 0 0 32 32 -1 0)
(0 0 0 0 32 32 -1 0)
(0 0 0 0 32 32 -1 0)
(0 0 0 0 32 32 -1 0)
(0 1 0 0 32 32 -1 0)
(-1 0 0 0 32 32 -1 0)
(-1 0 0 0 32 32 -1 0)
(-1 0 0 0 32 32 -1 0)
(-1 0 0 0 32 32 -1 0)
(-1 0 0 0 32 32 -1 0)
(-1 0 0 0 32 32 -1 0)
(-1 0 0 0 32 32 -1 0)
(-1 0 0 0 32 32 -1 0)
(-1 0 0 0 32 32 -1 0)
(-1 0 0 0 32 32 -1 0)
(-1 0 0 0 32 32 -1 0)
(-1 0 0 0 32 32 -1 0)
(-1 0 0 0 32 32 -1 0)
(-1 0 0 0 32 32 -1 0)
(-1 0 0 0 32 32 -1 0)
(-1 0 0 0 32 32 -1 0)
(-1 0 0 0 32 32 -1 0)
(-1 0 0 0 32 32 -1 0)
(-1 0 0 0 32 32 -1 0)
(-1 0 0 0 32 32 -1 0)
(-1 0 0 0 32 32 -1 0)
(-1 0 0 0 32 32 -1 0)
(-1 0 0 0 32 32 -1 0)
(-1 0 0 0 32 32 -1 0)
(-1 0 0 0 32 32 -1 0)
(-1 0 0 0 32 32 -1 0)
(-1 0 0 0 32 32 -1 0)
(-1 0 0 0 32 32 -1 0)
(-1 0 0 0 32 32 -1 0)
(-1 0 0 0 32 32 -1 0)
(-1 0 0 0 32 32 -1 0)
(-1 0 0 0 32 32 -1 0)
(-1 0 0 0 32 32 -1 0)
(-1 0 0 0 32 32 -1 0)
(-1 0 0 0 32 32 -1 0)
(-1 0 0 0 32 32 -1 0)
(-1 0 0 0 32 32 -1 0)
(-1 0 0 0 32 32 -1 0)
(-1 0 0 0 32 32 -1 0)
(-1 0 0 0 32 32 -1 0)
(-1 0 0 0 32 32 -1 0)
(-1 0 0 0 32 32 -1 0)
(-1 0 0 0 32 32 -1 0)
(-1 0 0 0 32 32 -1 0)
(-1 0 0 0 32 32 -1 0)
(-1 0 0 0 32 32 -1 0)
(-1 0 0 0 32 32 -1 0)
(-1 0 0 0 32 32 -1 0)
(-1 0 0 0 32 32 -1 0)
(-1 0 0 0 32 32 -1 0)
(0 2 0 0 32 32 -1 0)
(0 2 0 0 32 32 -1 0)
(0 2 0 0 32 32 -1 0)
(0 1 0 0 32 32 -1 0)
(0 1 0 0 32 32 -1 0)
(0 0 0 0 32 32 -1 0)
(0 0 0 0 32 32 -1 0)
(0 0 0 0 32 32 -1 0)
(0 0 0 0 32 32 -1 0)
(0 0 0 0 32 32 -1 0)
(0 1 0 0 32 32 -1 0)
(0 1 0 0 32 32 -1 0)
(-1 0 0 0 32 32 -1 0)
(-1 0 0 0 32 32 -1 0)
(-1 0 0 0 32 32 -1 0)
(-1 0 0 0 32 32 -1 0)
(-1 0 0 0 32 32 -1 0)
(-1 0 0 0 32 32 -1 0)
(-1 0 0 0 32 32 -1 0)
(-1 0 0 0 32 32 -1 0)
(-1 0 0 0 32 32 -1 0)
(-1 0 0 0 32 32 -1 0)
(-1 0 0 0 32 32 -1 0)
(-1 0 0 0 32 32 -1 0)
(-1 0 0 0 32 32 -1 0)
(-1 0 0 0 32 32 -1 0)
(-1 0 0 0 32 32 -1 0)
(-1 0 0 0 32 32 -1 0)
(-1 0 0 0 32 32 -1 0)
(-1 0 0 0 32 32 -1 0)
(-1 0 0 0 32 32 -1 0)
(-1 0 0 0 32 32 -1 0)
(-1 0 0 0 32 32 -1 0)
(-1 0 0 0 32 32 -1 4)
(-1 0 0 0 32 32 -1 0)
(-1 0 0 0 32 32 -1 0)
(-1 0 0 0 32 32 -1 0)
(-1 0 0 0 32 32 -1 4)
(-1 0 0 0 32 32 -1 0)
(-1 0 0 0 32 32 -1 0)
(-1 0 0 0 32 32 -1 0)
(-1 0 0 0 32 32 -1 0)
(-1 0 0 0 32 32 -1 4)
(-1 0 0 0 32 32 -1 0)
(-1 0 0 0 32 32 -1 0)
(-1 0 0 0 32 32 -1 0)
(-1 0 0 0 32 32 -1 0)
(-1 0 0 0 32 32 -1 0)
(-1 0 0 0 32 32 -1 0)
(-1 0 0 0 32 32 -1 0)
(-1 0 0 0 32 32 -1 0)
(-1 0 0 0 32 32 -1 0)
(-1 0 0 0 32 32 -1 0)
(-1 0 0 0 32 32 -1 0)
(-1 0 0 0 32 32 -1 0)
(-1 0 0 0 32 32 -1 0)
(-1 0 0 0 32 32 -1 0)
(-1 0 0 0 32 32 -1 0)
(-1 0 0 0 32 32 -1 0)
(-1 0 0 0 32 32 -1 0)
(-1 0 0 0 32 32 -1 0)
(-1 0 0 0 32 32 -1 0)
(-1 0 0 0 32 32 -1 0)
(0 2 0 0 32 32 -1 0)
(0 2 0 0 32 32 -1 0)
(0 1 0 0 32 32 -1 0)
(0 1 0 0 32 32 -1 0)
(0 0 0 0 32 32 -1 0)
(0 0 0 0 32 32 -1 0)
(0 1 0 0 32 32 -1 0)
(0 0 0 0 32 32 -1 0)
(0 0 0 0 32 32 -1 0)
(0 1 0 0 32 32 -1 0)
(-1 0 0 0 32 32 -1 0)
(-1 0 0 0 32 32 -1 0)
(-1 0 0 0 32 32 -1 0)
(-1 0 0 0 32 32 -1 0)
(-1 0 0 0 32 32 -1 0)
(-1 0 0 0 32 32 -1 0)
(-1 0 0 0 32 32 -1 0)
(-1 0 0 0 32 32 -1 0)
(-1 0 0 0 32 32 -1 0)
(-1 0 0 0 32 32 -1 4)
(-1 0 0 0 32 32 -1 0)
(-1 0 0 0 32 32 -1 0)
(-1 0 0 0 32 32 -1 0)
(-1 0 0 0 32 32 -1 0)
(-1 0 0 0 32 32 -1 0)
(-1 0 0 0 32 32 -1 0)
(-1 0 0 0 32 32 -1 0)
(-1 0 0 0 32 32 -1 0)
(-1 0 0 0 32 32 -1 0)
(-1 0 0 0 32 32 -1 0)
(-1 0 0 0 32 32 -1 0)
(-1 0 0 0 32 32 -1 0)
(-1 0 0 0 32 32 -1 0)
(-1 0 0 0 32 32 -1 0)
(-1 0 0 0 32 32 -1 0)
(-1 0 0 0 32 32 -1 0)
(-1 0 0 0 32 32 -1 0)
(-1 0 0 0 32 32 -1 0)
(-1 0 0 0 32 32 -1 0)
(-1 0 0 0 32 32 -1 0)
(-1 0 0 0 32 32 -1 0)
(-1 0 0 0 32 32 -1 0)
(-1 0 0 0 32 32 -1 0)
(-1 0 0 0 32 32 -1 0)
(-1 0 0 0 32 32 -1 0)
(-1 0 0 0 32 32 -1 0)
(-1 0 0 0 32 32 -1 0)
(-1 0 0 0 32 32 -1 0)
(-1 0 0 0 32 32 -1 0)
(-1 0 0 0 32 32 -1 0)
(-1 0 0 0 32 32 -1 0)
(-1 0 0 0 32 32 -1 0)
(-1 0 0 0 32 32 -1 0)
(-1 0 0 0 32 32 -1 0)
(-1 0 0 0 32 32 -1 0)
(-1 0 0 0 32 32 -1 0)
(-1 0 0 0 32 32 -1 0)
(-1 0 0 0 32 32 -1 0)
(-1 0 0 0 32 32 -1 0)
(-1 0 0 0 32 32 -1 0)
(-1 0 0 0 32 32 -1 0)
(-1 0 0 0 32 32 -1 0)
(0 2 0 0 32 32 -1 0)
(0 2 0 0 32 32 -1 0)
(0 1 0 0 32 32 -1 0)
(0 1 0 0 32 32 -1 0)
(0 0 0 0 32 32 -1 0)
(0 0 0 0 32 32 -1 0)
(0 1 0 0 32 32 -1 0)
(0 1 0 0 32 32 -1 0)
(0 0 0 0 32 32 -1 0)
(0 1 0 0 32 32 -1 0)
(-1 0 0 0 32 32 -1 0)
(-1 0 0 0 32 32 -1 0)
(-1 0 0 0 32 32 -1 0)
(-1 0 0 0 32 32 -1 0)
(-1 0 0 0 32 32 -1 0)
(-1 0 0 0 32 32 -1 0)
(-1 0 0 0 32 32 -1 0)
(-1 0 0 0 32 32 -1 0)
(-1 0 0 0 32 32 -1 0)
(-1 0 0 0 32 32 -1 0)
(-1 0 0 0 32 32 -1 0)
(-1 0 0 0 32 32 -1 0)
(-1 0 0 0 32 32 -1 0)
(-1 0 0 0 32 32 -1 0)
(-1 0 0 0 32 32 -1 0)
(-1 0 0 0 32 32 -1 0)
(-1 0 0 0 32 32 -1 0)
(-1 0 0 0 32 32 -1 0)
(-1 0 0 0 32 32 -1 0)
(-1 0 0 0 32 32 -1 0)
(-1 0 0 0 32 32 -1 0)
(-1 0 0 0 32 32 -1 0)
(-1 0 0 0 32 32 -1 0)
(-1 0 0 0 32 32 -1 0)
(-1 0 0 0 32 32 -1 0)
(-1 0 0 0 32 32 -1 0)
(-1 0 0 0 32 32 -1 0)
(-1 0 0 0 32 32 -1 0)
(-1 0 0 0 32 32 -1 0)
(-1 0 0 0 32 32 -1 0)
(-1 0 0 0 32 32 -1 0)
(-1 0 0 0 32 32 -1 0)
(-1 0 0 0 32 32 -1 0)
(-1 0 0 0 32 32 -1 0)
(-1 0 0 0 32 32 -1 0)
(-1 0 0 0 32 32 -1 0)
(-1 0 0 0 32 32 -1 0)
(-1 0 0 0 32 32 -1 0)
(-1 0 0 0 32 32 -1 0)
(-1 0 0 0 32 32 -1 0)
(-1 0 0 0 32 32 -1 0)
(-1 0 0 0 32 32 -1 0)
(-1 0 0 0 32 32 -1 0)
(-1 0 0 0 32 32 -1 0)
(-1 0 0 0 32 32 -1 0)
(-1 0 0 0 32 32 -1 4)
(-1 0 0 0 32 32 -1 0)
(-1 0 0 0 32 32 -1 0)
(-1 0 0 0 32 32 -1 0)
(-1 0 0 0 32 32 -1 0)
(-1 0 0 0 32 32 -1 0)
(-1 0 0 0 32 32 -1 0)
(0 2 0 0 32 32 -1 0)
(0 2 0 0 32 32 -1 0)
(0 1 0 0 32 32 -1 0)
(0 1 0 0 32 32 -1 0)
(0 0 0 0 32 32 -1 0)
(0 0 0 0 32 32 -1 0)
(0 1 0 0 32 32 -1 0)
(0 0 0 0 32 32 -1 0)
(0 1 0 0 32 32 -1 0)
(0 2 0 0 32 32 -1 0)
(-1 0 0 0 32 32 -1 0)
(-1 0 0 0 32 32 -1 0)
(-1 0 0 0 32 32 -1 0)
(-1 0 0 0 32 32 -1 0)
(-1 0 0 0 32 32 -1 0)
(-1 0 0 0 32 32 -1 0)
(-1 0 0 0 32 32 -1 0)
(-1 0 0 0 32 32 -1 0)
(-1 0 0 0 32 32 -1 0)
(-1 0 0 0 32 32 -1 0)
(-1 0 0 0 32 32 -1 0)
(-1 0 0 0 32 32 -1 0)
(-1 0 0 0 32 32 -1 0)
(-1 0 0 0 32 32 -1 0)
(-1 0 0 0 32 32 -1 0)
(-1 0 0 0 32 32 -1 0)
(-1 0 0 0 32 32 -1 0)
(-1 0 0 0 32 32 -1 0)
(-1 0 0 0 32 32 -1 0)
(-1 0 0 0 32 32 -1 0)
(-1 0 0 0 32 32 -1 0)
(-1 0 0 0 32 32 -1 0)
(-1 0 0 0 32 32 -1 0)
(-1 0 0 0 32 32 -1 0)
(-1 0 0 0 32 32 -1 0)
(-1 0 0 0 32 32 -1 0)
(-1 0 0 0 32 32 -1 0)
(-1 0 0 0 32 32 -1 0)
(-1 0 0 0 32 32 -1 0)
(-1 0 0 0 32 32 -1 0)
(-1 0 0 0 32 32 -1 0)
(-1 0 0 0 32 32 -1 0)
(-1 0 0 0 32 32 -1 0)
(-1 0 0 0 32 32 -1 0)
(-1 0 0 0 32 32 -1 0)
(-1 0 0 0 32 32 -1 0)
(-1 0 0 0 32 32 -1 0)
(-1 0 0 0 32 32 -1 0)
(-1 0 0 0 32 32 -1 0)
(-1 0 0 0 32 32 -1 0)
(-1 0 0 0 32 32 -1 0)
(-1 0 0 0 32 32 -1 0)
(-1 0 0 0 32 32 -1 0)
(-1 0 0 0 32 32 -1 0)
(-1 0 0 0 32 32 -1 0)
(-1 0 0 0 32 32 -1 0)
(-1 0 0 0 32 32 -1 0)
(-1 0 0 0 32 32 -1 0)
(-1 0 0 0 32 32 -1 0)
(-1 0 0 0 32 32 -1 0)
(-1 0 0 0 32 32 -1 0)
(-1 0 0 0 32 32 -1 0)
(-1 0 0 0 32 32 -1 0)
(0 2 0 0 32 32 -1 0)
(0 1 0 0 32 32 -1 0)
(0 1 0 0 32 32 -1 0)
(0 0 0 0 32 32 -1 0)
(0 0 0 0 32 32 -1 0)
(0 1 0 0 32 32 -1 0)
(0 2 0 0 32 32 -1 0)
(0 1 0 0 32 32 -1 0)
(0 1 0 0 32 32 -1 0)
(-1 0 0 0 32 32 -1 0)
(-1 0 0 0 32 32 -1 0)
(-1 0 0 0 32 32 -1 0)
(-1 0 0 0 32 32 -1 0)
(-1 0 0 0 32 32 -1 0)
(-1 0 0 0 32 32 -1 0)
(-1 0 0 0 32 32 -1 0)
(-1 0 0 0 32 32 -1 0)
(-1 0 0 0 32 32 -1 0)
(-1 0 0 0 32 32 -1 0)
(-1 0 0 0 32 32 -1 0)
(-1 0 0 0 32 32 -1 0)
(-1 0 0 0 32 32 -1 0)
(-1 0 0 0 32 32 -1 0)
(-1 0 0 0 32 32 -1 0)
(-1 0 0 0 32 32 -1 0)
(-1 0 0 0 32 32 -1 0)
(-1 0 0 0 32 32 -1 0)
(-1 0 0 0 32 32 -1 0)
(-1 0 0 0 32 32 -1 0)
(-1 0 0 0 32 32 -1 0)
(-1 0 0 0 32 32 -1 0)
(-1 0 0 0 32 32 -1 0)
(-1 0 0 0 32 32 -1 0)
(-1 0 0 0 32 32 -1 0)
(-1 0 0 0 32 32 -1 0)
(-1 0 0 0 32 32 -1 0)
(-1 0 0 0 32 32 -1 0)
(-1 0 0 0 32 32 -1 0)
(-1 0 0 0 32 32 -1 0)
(-1 0 0 0 32 32 -1 0)
(-1 0 0 0 32 32 -1 0)
(-1 0 0 0 32 32 -1 0)
(-1 0 0 0 32 32 -1 0)
(-1 0 0 0 32 32 -1 0)
(-1 0 0 0 32 32 -1 0)
(11 1 0 0 32 32 -1 0)
(11 1 0 0 32 32 -1 0)
(11 1 0 0 32 32 -1 0)
(11 1 0 0 32 32 -1 5)
(-1 0 0 0 32 32 -1 0)
(-1 0 0 0 32 32 -1 0)
(-1 0 0 0 32 32 -1 0)
(11 1 0 0 32 32 -1 0)
(11 1 0 0 32 32 -1 0)
(11 1 0 0 32 32 -1 2)
(11 1 0 0 32 32 -1 0)
(-1 0 0 0 32 32 -1 0)
(-1 0 0 0 32 32 -1 0)
(-1 0 0 0 32 32 -1 0)
(-1 0 0 0 32 32 -1 0)
(-1 0 0 0 32 32 -1 0)
(-1 0 0 0 32 32 -1 0)
(0 2 0 0 32 32 -1 0)
(0 1 0 0 32 32 -1 0)
(0 1 0 0 32 32 -1 0)
(0 1 0 0 32 32 -1 0)
(0 1 0 0 32 32 -1 0)
(0 1 0 0 32 32 -1 0)
(-1 0 0 0 32 32 24 0)
(-1 0 0 0 32 32 -1 0)
(-1 0 0 0 32 32 -1 0)
(-1 0 0 0 32 32 -1 0)
(-1 0 0 0 32 32 -1 0)
(-1 0 0 0 32 32 -1 0)
(-1 0 0 0 32 32 -1 0)
(-1 0 0 0 32 32 -1 0)
(-1 0 0 0 32 32 -1 0)
(-1 0 0 0 32 32 -1 0)
(-1 0 0 0 32 32 -1 0)
(-1 0 0 0 32 32 -1 0)
(-1 0 0 0 32 32 -1 0)
(-1 0 0 0 32 32 -1 0)
(-1 0 0 0 32 32 -1 0)
(-1 0 0 0 32 32 -1 0)
(-1 0 0 0 32 32 -1 0)
(-1 0 0 0 32 32 -1 0)
(-1 0 0 0 32 32 -1 0)
(-1 0 0 0 32 32 -1 0)
(-1 0 0 0 32 32 -1 0)
(-1 0 0 0 32 32 -1 0)
(-1 0 0 0 32 32 -1 0)
(-1 0 0 0 32 32 -1 0)
(-1 0 0 0 32 32 -1 0)
(-1 0 0 0 32 32 -1 0)
(-1 0 0 0 32 32 -1 0)
(-1 0 0 0 32 32 -1 0)
(-1 0 0 0 32 32 -1 0)
(-1 0 0 0 32 32 -1 0)
(-1 0 0 0 32 32 -1 0)
(-1 0 0 0 32 32 -1 0)
(-1 0 0 0 32 32 -1 0)
(-1 0 0 0 32 32 -1 0)
(-1 0 0 0 32 32 -1 0)
(-1 0 0 0 32 32 -1 0)
(-1 0 0 0 32 32 -1 0)
(-1 0 0 0 32 32 -1 0)
(-1 0 0 0 32 32 -1 0)
(-1 0 0 0 32 32 -1 0)
(-1 0 0 0 32 32 -1 0)
(-1 0 0 0 32 32 -1 0)
(-1 0 0 0 32 32 -1 0)
(-1 0 0 0 32 32 -1 0)
(-1 0 0 0 32 32 -1 0)
(-1 0 0 0 32 32 -1 0)
(-1 0 0 0 32 32 -1 0)
(-1 0 0 0 32 32 -1 0)
(-1 0 0 0 32 32 -1 0)
(-1 0 0 0 32 32 -1 0)
(-1 0 0 0 32 32 -1 0)
(-1 0 0 0 32 32 -1 0)
(-1 0 0 0 32 32 -1 0)
(-1 0 0 0 32 32 -1 0)
(-1 0 0 0 32 32 -1 0)
(-1 0 0 0 32 32 -1 0)
(0 1 0 0 32 32 -1 0)
(0 1 0 0 32 32 -1 0)
(0 1 0 0 32 32 -1 0)
(0 1 0 0 32 32 -1 0)
(0 2 0 0 32 32 -1 0)
(0 1 0 0 32 32 -1 0)
(-1 0 0 0 32 32 24 0)
(-1 0 0 0 32 32 -1 0)
(-1 0 0 0 32 32 -1 0)
(-1 0 0 0 32 32 -1 0)
(-1 0 0 0 32 32 -1 0)
(-1 0 0 0 32 32 -1 0)
(-1 0 0 0 32 32 -1 0)
(-1 0 0 0 32 32 -1 0)
(-1 0 0 0 32 32 -1 0)
(-1 0 0 0 32 32 -1 0)
(-1 0 0 0 32 32 -1 0)
(-1 0 0 0 32 32 -1 0)
(-1 0 0 0 32 32 -1 0)
(-1 0 0 0 32 32 -1 0)
(-1 0 0 0 32 32 -1 0)
(-1 0 0 0 32 32 -1 0)
(-1 0 0 0 32 32 -1 0)
(-1 0 0 0 32 32 -1 0)
(-1 0 0 0 32 32 -1 0)
(-1 0 0 0 32 32 -1 0)
(-1 0 0 0 32 32 -1 0)
(-1 0 0 0 32 32 -1 0)
(-1 0 0 0 32 32 -1 0)
(-1 0 0 0 32 32 -1 0)
(-1 0 0 0 32 32 -1 0)
(-1 0 0 0 32 32 -1 0)
(-1 0 0 0 32 32 -1 0)
(-1 0 0 0 32 32 -1 0)
(-1 0 0 0 32 32 -1 0)
(-1 0 0 0 32 32 -1 0)
(-1 0 0 0 32 32 -1 0)
(-1 0 0 0 32 32 -1 0)
(-1 0 0 0 32 32 -1 0)
(-1 0 0 0 32 32 -1 0)
(-1 0 0 0 32 32 -1 0)
(-1 0 0 0 32 32 -1 0)
(-1 0 0 0 32 32 -1 0)
(-1 0 0 0 32 32 -1 0)
(-1 0 0 0 32 32 -1 0)
(-1 0 0 0 32 32 -1 0)
(-1 0 0 0 32 32 -1 0)
(-1 0 0 0 32 32 -1 0)
(-1 0 0 0 32 32 -1 0)
(-1 0 0 0 32 32 -1 0)
(-1 0 0 0 32 32 -1 0)
(-1 0 0 0 32 32 -1 0)
(-1 0 0 0 32 32 -1 0)
(-1 0 0 0 32 32 -1 0)
(-1 0 0 0 32 32 -1 0)
(-1 0 0 0 32 32 -1 0)
(-1 0 0 0 32 32 -1 0)
(-1 0 0 0 32 32 -1 0)
(-1 0 0 0 32 32 -1 0)
(-1 0 0 0 32 32 -1 0)
(-1 0 0 0 32 32 -1 0)
(-1 0 0 0 32 32 -1 0)
(-1 0 0 0 32 32 -1 0)
(-1 0 0 0 32 32 -1 0)
(-1 0 0 0 32 32 -1 0)
(-1 0 0 0 32 32 -1 0)
(-1 0 0 0 32 32 -1 0)
(-1 0 0 0 32 32 31 0)
(-1 0 0 0 32 32 24 0)
(-1 0 0 0 32 32 -1 0)
(-1 0 0 0 32 32 -1 0)
(-1 0 0 0 32 32 -1 0)
(-1 0 0 0 32 32 -1 0)
(-1 0 0 0 32 32 -1 0)
(-1 0 0 0 32 32 -1 0)
(-1 0 0 0 32 32 -1 0)
(-1 0 0 0 32 32 -1 0)
(-1 0 0 0 32 32 -1 0)
(-1 0 0 0 32 32 -1 0)
(-1 0 0 0 32 32 -1 0)
(-1 0 0 0 32 32 -1 0)
(-1 0 0 0 32 32 -1 0)
(-1 0 0 0 32 32 -1 0)
(-1 0 0 0 32 32 -1 0)
(-1 0 0 0 32 32 -1 0)
(-1 0 0 0 32 32 -1 0)
(-1 0 0 0 32 32 -1 0)
(-1 0 0 0 32 32 -1 0)
(-1 0 0 0 32 32 -1 0)
(-1 0 0 0 32 32 -1 0)
(-1 0 0 0 32 32 -1 0)
(-1 0 0 0 32 32 -1 0)
(-1 0 0 0 32 32 -1 0)
(-1 0 0 0 32 32 -1 0)
(-1 0 0 0 32 32 -1 0)
(-1 0 0 0 32 32 -1 0)
(10 1 0 0 32 32 -1 0)
(3 1 0 0 32 32 -1 0)
(4 1 0 0 32 32 -1 0)
(3 1 0 0 32 32 -1 0)
(5 1 0 0 32 32 -1 5)
(4 1 0 0 32 32 -1 0)
(5 1 0 0 32 32 -1 0)
(10 1 0 0 32 32 -1 0)
(-1 0 0 0 32 32 -1 0)
(-1 0 0 0 32 32 -1 0)
(-1 0 0 0 32 32 -1 0)
(-1 0 0 0 32 32 -1 0)
(-1 0 0 0 32 32 -1 0)
(-1 0 0 0 32 32 -1 0)
(-1 0 0 0 32 32 -1 0)
(-1 0 0 0 32 32 -1 0)
(-1 0 0 0 32 32 -1 0)
(-1 0 0 0 32 32 -1 0)
(-1 0 0 0 32 32 -1 0)
(-1 0 0 0 32 32 -1 0)
(-1 0 0 0 32 32 -1 0)
(-1 0 0 0 32 32 -1 0)
(-1 0 0 0 32 32 -1 0)
(-1 0 0 0 32 32 -1 0)
(-1 0 0 0 32 32 -1 0)
(-1 0 0 0 32 32 -1 0)
(-1 0 0 0 32 32 -1 0)
(-1 0 0 0 32 32 -1 0)
(-1 0 0 0 32 32 -1 0)
(-1 0 0 0 32 32 -1 8)
(-1 0 0 0 32 32 -1 8)
(-1 0 0 0 32 32 -1 0)
(-1 0 0 0 32 32 -1 0)
(-1 0 0 0 32 32 31 0)
(-1 0 0 0 32 32 24 0)
(-1 0 0 0 32 32 -1 0)
(-1 0 0 0 32 32 -1 0)
(-1 0 0 0 32 32 -1 0)
(-1 0 0 0 32 32 -1 0)
(-1 0 0 0 32 32 -1 0)
(-1 0 0 0 32 32 -1 0)
(-1 0 0 0 32 32 -1 0)
(-1 0 0 0 32 32 -1 0)
(-1 0 0 0 32 32 -1 0)
(-1 0 0 0 32 32 -1 0)
(-1 0 0 0 32 32 -1 0)
(-1 0 0 0 32 32 -1 0)
(-1 0 0 0 32 32 -1 0)
(-1 0 0 0 32 32 -1 0)
(8 1 0 0 32 32 -1 0)
(0 1 0 0 32 32 -1 0)
(0 1 0 0 32 32 -1 0)
(0 1 0 0 32 32 -1 5)
(0 1 0 0 32 32 -1 0)
(9 1 0 0 32 32 -1 0)
(-1 0 0 0 32 32 -1 0)
(-1 0 0 0 32 32 -1 0)
(-1 0 0 0 32 32 -1 0)
(-1 0 0 0 32 32 -1 0)
(-1 0 0 0 32 32 -1 0)
(-1 0 0 0 32 32 -1 0)
(-1 0 0 0 32 32 -1 0)
(2 0 0 0 32 32 -1 0)
(-1 0 0 0 32 32 -1 0)
(-1 0 0 0 32 32 -1 0)
(-1 0 0 0 32 32 -1 0)
(-1 0 0 0 32 32 -1 0)
(-1 0 0 0 32 32 -1 0)
(-1 0 0 0 32 32 -1 0)
(2 2 0 0 32 32 -1 0)
(-1 0 0 0 32 32 -1 0)
(-1 0 0 0 32 32 -1 0)
(-1 0 0 0 32 32 -1 0)
(-1 0 0 0 32 32 -1 0)
(-1 0 0 0 32 32 -1 0)
(-1 0 0 0 32 32 -1 0)
(-1 0 0 0 32 32 -1 0)
(-1 0 0 0 32 32 -1 0)
(-1 0 0 0 32 32 -1 0)
(-1 0 0 0 32 32 -1 0)
(-1 0 0 0 32 32 -1 0)
(-1 0 0 0 32 32 -1 0)
(-1 0 0 0 32 32 -1 0)
(-1 0 0 0 32 32 -1 0)
(-1 0 0 0 32 32 -1 0)
(-1 0 0 0 32 32 -1 0)
(-1 0 0 0 32 32 -1 0)
(-1 0 0 0 32 32 -1 0)
(-1 0 0 0 32 32 -1 0)
(-1 0 0 0 32 32 -1 0)
(-1 0 0 0 32 32 -1 0)
(-1 0 0 0 32 32 -1 8)
(-1 0 0 0 32 32 -1 8)
(-1 0 0 0 32 32 -1 0)
(-1 0 0 0 32 32 -1 0)
(-1 0 0 0 32 32 31 0)
(-1 0 0 0 32 32 24 0)
(-1 0 0 0 32 32 -1 0)
(-1 0 0 0 32 32 -1 0)
(-1 0 0 0 32 32 -1 0)
(-1 0 0 0 32 32 -1 0)
(-1 0 0 0 32 32 -1 0)
(-1 0 0 0 32 32 -1 0)
(-1 0 0 0 32 32 -1 0)
(-1 0 0 0 32 32 -1 0)
(-1 0 0 0 32 32 -1 0)
(-1 0 0 0 32 32 -1 0)
(-1 0 0 0 32 32 -1 0)
(-1 0 0 0 32 32 -1 0)
(-1 0 0 0 32 32 -1 0)
(-1 0 0 0 32 32 -1 0)
(0 2 0 0 32 32 -1 0)
(0 1 0 0 32 32 -1 0)
(0 1 0 0 32 32 -1 0)
(0 1 0 0 32 32 -1 0)
(0 1 0 0 32 32 -1 0)
(0 1 0 0 32 32 -1 0)
(-1 0 0 0 32 32 -1 0)
(-1 0 0 0 32 32 -1 0)
(-1 0 0 0 32 32 -1 0)
(-1 0 0 0 32 32 -1 0)
(-1 0 0 0 32 32 -1 0)
(-1 0 0 0 32 32 -1 0)
(-1 0 0 0 32 32 -1 0)
(2 2 0 0 32 32 -1 0)
(-1 0 0 0 32 32 -1 0)
(-1 0 0 0 32 32 -1 0)
(-1 0 0 0 32 32 -1 0)
(-1 0 0 0 32 32 -1 0)
(-1 0 0 0 32 32 -1 0)
(-1 0 0 0 32 32 -1 0)
(2 2 0 0 32 32 -1 0)
(-1 0 0 0 32 32 -1 0)
(-1 0 0 0 32 32 -1 0)
(-1 0 0 0 32 32 -1 0)
(-1 0 0 0 32 32 -1 0)
(-1 0 0 0 32 32 -1 0)
(-1 0 0 0 32 32 -1 0)
(-1 0 0 0 32 32 -1 0)
(-1 0 0 0 32 32 -1 0)
(-1 0 0 0 32 32 -1 0)
(-1 0 0 0 32 32 -1 0)
(-1 0 0 0 32 32 -1 0)
(-1 0 0 0 32 32 -1 0)
(-1 0 0 0 32 32 -1 0)
(-1 0 0 0 32 32 -1 0)
(-1 0 0 0 32 32 -1 0)
(-1 0 0 0 32 32 -1 0)
(-1 0 0 0 32 32 -1 0)
(-1 0 0 0 32 32 -1 0)
(-1 0 0 0 32 32 -1 0)
(-1 0 0 0 32 32 -1 0)
(-1 0 0 0 32 32 -1 0)
(-1 0 0 0 32 32 -1 8)
(-1 0 0 0 32 32 -1 8)
(-1 0 0 0 32 32 -1 0)
(-1 0 0 0 32 32 -1 0)
(-1 0 0 0 32 32 31 0)
(-1 0 0 0 32 32 24 0)
(-1 0 0 0 32 32 -1 0)
(-1 0 0 0 32 32 -1 0)
(-1 0 0 0 32 32 -1 0)
(-1 0 0 0 32 32 -1 0)
(-1 0 0 0 32 32 -1 0)
(-1 0 0 0 32 32 -1 0)
(-1 0 0 0 32 32 -1 0)
(7 4 0 0 32 32 -1 0)
(8 1 0 0 32 32 -1 0)
(0 1 0 0 32 32 -1 0)
(0 1 0 0 32 32 -1 0)
(0 1 0 0 32 32 -1 2)
(0 1 0 0 32 32 -1 0)
(0 1 0 0 32 32 -1 0)
(0 1 0 0 32 32 -1 0)
(0 1 0 0 32 32 -1 0)
(0 0 0 0 32 32 -1 0)
(0 0 0 0 32 32 -1 0)
(0 1 0 0 32 32 -1 0)
(0 1 0 0 32 32 -1 0)
(-1 0 0 0 32 32 -1 0)
(-1 0 0 0 32 32 -1 0)
(-1 0 0 0 32 32 -1 0)
(-1 0 0 0 32 32 -1 0)
(-1 0 0 0 32 32 -1 0)
(1 2 0 8 32 32 -1 0)
(-1 0 0 0 32 32 -1 0)
(2 2 0 0 32 32 -1 0)
(-1 0 0 0 32 32 -1 0)
(-1 0 0 0 32 32 -1 0)
(-1 0 0 0 32 32 -1 0)
(-1 0 0 0 32 32 -1 0)
(-1 0 0 0 32 32 -1 0)
(8 1 0 0 32 32 -1 0)
(0 1 0 0 32 32 -1 0)
(0 1 0 0 32 32 -1 0)
(0 1 0 0 32 32 -1 0)
(0 1 0 0 32 32 -1 0)
(0 1 0 0 32 32 -1 0)
(0 1 0 0 32 32 -1 0)
(0 1 0 0 32 32 -1 0)
(0 1 0 0 32 32 -1 0)
(0 1 0 0 32 32 -1 0)
(0 1 0 0 32 32 -1 0)
(0 1 0 0 32 32 -1 1)
(0 1 0 0 32 32 -1 0)
(0 1 0 0 32 32 -1 0)
(0 1 0 0 32 32 -1 0)
(0 1 0 0 32 32 -1 0)
(0 1 0 0 32 32 -1 0)
(0 1 0 0 32 32 -1 0)
(0 1 0 0 32 32 -1 0)
(0 1 0 0 32 32 -1 0)
(0 1 0 0 32 32 -1 0)
(0 1 0 0 32 32 -1 0)
(0 1 0 0 32 32 -1 0)
(0 1 0 0 32 32 -1 8)
(0 1 0 0 32 32 -1 8)
(0 1 0 0 32 32 -1 0)
(0 1 0 0 32 32 -1 0)
(0 1 0 0 32 32 -1 0)
(0 1 0 0 32 32 -1 0)
(0 1 0 0 32 32 -1 0)
(0 1 0 0 32 32 -1 0)
(0 1 0 0 32 32 -1 0)
(0 1 0 0 32 32 -1 0)
(0 1 0 0 32 32 -1 0)
(9 1 0 0 32 32 -1 0)
(-1 0 0 0 32 32 -1 0)
(7 3 0 0 32 32 -1 0)
(0 1 0 0 32 32 -1 0)
(0 1 0 0 32 32 -1 0)
(0 1 0 0 32 32 -1 0)
(0 1 0 0 32 32 -1 0)
(0 1 0 0 32 32 -1 0)
(0 1 0 0 32 32 -1 0)
(0 1 0 0 32 32 -1 0)
(0 1 0 0 32 32 -1 0)
(0 1 0 0 32 32 -1 0)
(0 0 0 0 32 32 -1 0)
(0 0 0 0 32 32 -1 0)
(0 0 0 0 32 32 -1 0)
(0 1 0 0 32 32 -1 0)
(0 1 0 0 32 32 -1 0)
(0 1 0 0 32 32 -1 0)
(0 1 0 0 32 32 -1 0)
(0 1 0 0 32 32 -1 1)
(0 1 0 0 32 32 -1 0)
(0 1 0 0 32 32 -1 0)
(0 1 0 0 32 32 -1 0)
(9 0 0 0 32 32 -1 0)
(-1 0 0 0 32 32 -1 0)
(-1 0 0 0 32 32 -1 0)
(-1 0 0 0 32 32 -1 0)
(-1 0 0 0 32 32 -1 0)
(0 2 0 0 32 32 -1 0)
(0 0 0 0 32 32 -1 0)
(0 0 0 0 32 32 -1 0)
(0 0 0 0 32 32 -1 0)
(0 0 0 0 32 32 -1 0)
(0 1 0 0 32 32 -1 0)
(0 0 0 0 32 32 -1 0)
(0 0 0 0 32 32 -1 0)
(0 0 0 0 32 32 -1 0)
(0 0 0 0 32 32 -1 0)
(0 0 0 0 32 32 -1 0)
(0 0 0 0 32 32 -1 0)
(0 0 0 0 32 32 -1 0)
(0 0 0 0 32 32 -1 0)
(0 0 0 0 32 32 -1 0)
(0 0 0 0 32 32 -1 0)
(0 0 0 0 32 32 -1 0)
(0 0 0 0 32 32 -1 0)
(0 0 0 0 32 32 -1 0)
(0 0 0 0 32 32 -1 0)
(0 0 0 0 32 32 -1 0)
(0 0 0 0 32 32 -1 0)
(0 0 0 0 32 32 -1 0)
(0 0 0 0 32 32 -1 0)
(0 0 0 0 32 32 -1 0)
(0 0 0 0 32 32 -1 0)
(0 0 0 0 32 32 -1 0)
(0 0 0 0 32 32 -1 0)
(0 1 0 0 32 32 -1 0)
(0 1 0 0 32 32 -1 0)
(0 1 0 0 32 32 -1 0)
(0 1 0 0 32 32 -1 0)
(0 1 0 0 32 32 -1 0)
(0 1 0 0 32 32 -1 0)
(0 1 0 0 32 32 -1 0)
(-1 0 0 0 32 32 28 0)
(7 3 0 0 32 32 28 0)
(0 1 0 0 32 32 -1 0)
(0 1 0 0 32 32 -1 0)
(0 1 0 0 32 32 -1 0)
(0 1 0 0 32 32 -1 0)
(0 1 0 0 32 32 -1 0)
(0 1 0 0 32 32 -1 0)
(0 1 0 0 32 32 -1 0)
(0 1 0 0 32 32 -1 0)
(0 1 0 0 32 32 -1 0)
(0 1 0 0 32 32 -1 0)
(0 1 0 0 32 32 -1 0)
(0 1 0 0 32 32 -1 0)
(0 0 0 0 32 32 -1 0)
(0 0 0 0 32 32 -1 0)
(0 0 0 0 32 32 -1 0)
(0 0 0 0 32 32 -1 0)
(0 0 0 0 32 32 -1 0)
(0 0 0 0 32 32 -1 0)
(0 0 0 0 32 32 -1 0)
(0 0 0 0 32 32 -1 0)
(0 1 0 0 32 32 -1 0)
(-1 0 0 0 32 32 -1 0)
(-1 0 0 0 32 32 -1 0)
(-1 0 0 0 32 32 -1 0)
(-1 0 0 0 32 32 -1 0)
(0 2 0 0 32 32 -1 0)
(0 0 0 0 32 32 -1 0)
(0 0 0 0 32 32 -1 0)
(0 0 0 0 32 32 -1 0)
(0 0 0 0 32 32 -1 0)
(0 0 0 0 32 32 -1 0)
(0 0 0 0 32 32 -1 0)
(0 0 0 0 32 32 -1 0)
(0 0 0 0 32 32 -1 0)
(0 0 0 0 32 32 -1 0)
(0 0 0 0 32 32 -1 0)
(0 0 0 0 32 32 -1 0)
(0 0 0 0 32 32 -1 0)
(0 0 0 0 32 32 -1 0)
(0 0 0 0 32 32 -1 0)
(0 0 0 0 32 32 -1 0)
(0 0 0 0 32 32 -1 0)
(0 0 0 0 32 32 -1 0)
(0 0 0 0 32 32 -1 0)
(0 0 0 0 32 32 -1 0)
(0 0 0 0 32 32 -1 0)
(0 0 0 0 32 32 -1 0)
(0 0 0 0 32 32 -1 0)
(0 0 0 0 32 32 -1 0)
(0 0 0 0 32 32 -1 0)
(0 0 0 0 32 32 -1 0)
(0 0 0 0 32 32 -1 0)
(0 0 0 0 32 32 -1 0)
