texture.png 86 32 12 22 32
(0 0 0 0 32 32 -1 0)
(0 0 0 0 32 32 -1 0)
(0 0 0 0 32 32 -1 0)
(0 0 0 0 32 32 -1 0)
(0 0 0 0 32 32 -1 0)
(0 0 0 0 32 32 -1 0)
(-1 0 0 0 32 32 -1 0)
(0 0 0 0 32 32 -1 0)
(0 0 0 0 32 32 -1 0)
(-1 0 0 0 32 32 -1 0)
(-1 0 0 0 32 32 -1 0)
(0 0 0 0 32 32 -1 0)
(0 0 0 0 32 32 -1 0)
(-1 0 0 0 32 32 -1 0)
(-1 0 0 0 32 32 -1 0)
(-1 0 0 0 32 32 -1 0)
(0 0 0 0 32 32 -1 0)
(-1 0 0 0 32 32 -1 0)
(0 0 0 0 32 32 -1 0)
(0 0 0 0 32 32 -1 0)
(0 0 0 0 32 32 -1 0)
(0 0 0 0 32 32 -1 0)
(0 0 0 0 32 32 -1 0)
(0 1 0 0 32 32 -1 0)
(0 1 0 0 32 32 -1 0)
(0 1 0 0 32 32 -1 0)
(0 1 0 0 32 32 -1 0)
(0 1 0 0 32 32 -1 0)
(0 1 0 0 32 32 -1 0)
(0 1 0 0 32 32 -1 0)
(0 1 0 0 32 32 -1 0)
(0 1 0 0 32 32 -1 0)
(0 1 0 0 32 32 -1 0)
(0 1 0 0 32 32 -1 0)
(0 1 0 0 32 32 -1 0)
(0 1 0 0 32 32 -1 0)
(0 1 0 0 32 32 -1 0)
(0 1 0 0 32 32 -1 0)
(0 1 0 0 32 32 -1 0)
(0 1 0 0 32 32 -1 0)
(0 1 0 0 32 32 -1 0)
(0 1 0 0 32 32 -1 0)
(0 0 0 0 32 32 -1 0)
(0 0 0 0 32 32 -1 0)
(0 0 0 0 32 32 -1 0)
(0 1 0 0 32 32 -1 0)
(0 1 0 0 32 32 -1 0)
(-1 0 0 0 32 32 -1 0)
(-1 0 0 0 32 32 -1 0)
(-1 0 0 0 32 32 -1 0)
(-1 0 0 0 32 32 -1 0)
(-1 0 0 0 32 32 -1 0)
(-1 0 0 0 32 32 -1 0)
(-1 0 0 0 32 32 -1 0)
(-1 0 0 0 32 32 -1 0)
(-1 0 0 0 32 32 -1 0)
(-1 0 0 0 32 32 -1 0)
(-1 0 0 0 32 32 -1 0)
(-1 0 0 0 32 32 -1 0)
(-1 0 0 0 32 32 -1 0)
(-1 0 0 0 32 32 -1 0)
(-1 0 0 0 32 32 -1 0)
(-1 0 0 0 32 32 -1 0)
(0 1 0 0 32 32 -1 0)
(0 0 0 0 32 32 -1 0)
(-1 0 0 0 32 32 -1 0)
(-1 0 0 0 32 32 -1 0)
(0 1 0 0 32 32 -1 0)
(0 1 0 0 32 32 -1 0)
(-1 0 0 0 32 32 -1 0)
(-1 0 0 0 32 32 -1 0)
(-1 0 0 0 32 32 -1 0)
(-1 0 0 0 32 32 -1 0)
(-1 0 0 0 32 32 -1 0)
(-1 0 0 0 32 32 -1 0)
(-1 0 0 0 32 32 -1 0)
(-1 0 0 0 32 32 -1 0)
(-1 0 0 0 32 32 -1 0)
(-1 0 0 0 32 32 -1 0)
(-1 0 0 0 32 32 -1 0)
(-1 0 0 0 32 32 -1 0)
(-1 0 0 0 32 32 -1 0)
(-1 0 0 0 32 32 -1 0)
(-1 0 0 0 32 32 -1 0)
(-1 0 0 0 32 32 -1 0)
(0 1 0 0 32 32 -1 0)
(0 0 0 0 32 32 -1 0)
(0 0 0 0 32 32 -1 0)
(0 0 0 0 32 32 -1 3)
(0 1 0 0 32 32 -1 0)
(0 1 0 0 32 32 -1 0)
(-1 0 0 0 32 32 -1 0)
(-1 0 0 0 32 32 -1 0)
(-1 0 0 0 32 32 -1 0)
(-1 0 0 0 32 32 -1 0)
(-1 0 0 0 32 32 -1 0)
(-1 0 0 0 32 32 -1 0)
(-1 0 0 0 32 32 -1 0)
(-1 0 0 0 32 32 -1 0)
(-1 0 0 0 32 32 -1 0)
(-1 0 0 0 32 32 -1 0)
(-1 0 0 0 32 32 -1 0)
(-1 0 0 0 32 32 -1 0)
(-1 0 0 0 32 32 -1 0)
(-1 0 0 0 32 32 -1 0)
(-1 0 0 0 32 32 -1 0)
(-1 0 0 0 32 32 -1 0)
(0 1 0 0 32 32 -1 0)
(0 0 0 0 32 32 -1 0)
(0 0 0 0 32 32 -1 0)
(0 0 0 0 32 32 -1 0)
(0 1 0 0 32 32 -1 0)
(0 1 0 0 32 32 -1 0)
(-1 0 0 0 32 32 -1 0)
(-1 0 0 0 32 32 -1 0)
(-1 0 0 0 32 32 -1 0)
(-1 0 0 0 32 32 -1 0)
(-1 0 0 0 32 32 -1 0)
(-1 0 0 0 32 32 -1 0)
(-1 0 0 0 32 32 -1 0)
(-1 0 0 0 32 32 -1 0)
(-1 0 0 0 32 32 -1 0)
(-1 0 0 0 32 32 -1 0)
(-1 0 0 0 32 32 -1 0)
(-1 0 0 0 32 32 -1 0)
(-1 0 0 0 32 32 -1 0)
(-1 0 0 0 32 32 -1 0)
(-1 0 0 0 32 32 -1 0)
(-1 0 0 0 32 32 -1 0)
(0 1 0 0 32 32 -1 0)
(0 0 0 0 32 32 -1 0)
(-1 0 0 0 32 32 -1 3)
(0 0 0 0 32 32 -1 0)
(0 1 0 0 32 32 -1 0)
(0 1 0 0 32 32 -1 0)
(-1 0 0 0 32 32 -1 0)
(-1 0 0 0 32 32 -1 0)
(-1 0 0 0 32 32 -1 0)
(-1 0 0 0 32 32 -1 0)
(-1 0 0 0 32 32 -1 0)
(-1 0 0 0 32 32 -1 0)
(-1 0 0 0 32 32 -1 0)
(-1 0 0 0 32 32 -1 0)
(-1 0 0 0 32 32 -1 0)
(-1 0 0 0 32 32 -1 0)
(-1 0 0 0 32 32 -1 0)
(-1 0 0 0 32 32 -1 0)
(-1 0 0 0 32 32 -1 0)
(-1 0 0 0 32 32 -1 0)
(-1 0 0 0 32 32 -1 0)
(-1 0 0 0 32 32 -1 0)
(0 1 0 0 32 32 -1 0)
(0 0 0 0 32 32 -1 0)
(0 0 0 0 32 32 -1 0)
(0 0 0 0 32 32 -1 0)
(0 1 0 0 32 32 -1 0)
(0 1 0 0 32 32 -1 0)
(-1 0 0 0 32 32 -1 0)
(-1 0 0 0 32 32 -1 0)
(-1 0 0 0 32 32 -1 0)
(-1 0 0 0 32 32 -1 0)
(-1 0 0 0 32 32 -1 0)
(-1 0 0 0 32 32 -1 0)
(-1 0 0 0 32 32 -1 0)
(-1 0 0 0 32 32 -1 0)
(-1 0 0 0 32 32 -1 0)
(-1 0 0 0 32 32 -1 0)
(-1 0 0 0 32 32 -1 0)
(-1 0 0 0 32 32 -1 0)
(-1 0 0 0 32 32 -1 0)
(0 1 0 0 32 32 -1 0)
(0 1 0 0 32 32 -1 6)
(0 2 0 0 32 32 -1 0)
(0 1 0 0 32 32 -1 0)
(0 0 0 0 32 32 -1 0)
(0 0 0 0 32 32 -1 0)
(0 0 0 0 32 32 -1 0)
(0 1 0 0 32 32 -1 0)
(0 1 0 0 32 32 -1 0)
(-1 0 0 0 32 32 -1 0)
(-1 0 0 0 32 32 -1 0)
(-1 0 0 0 32 32 -1 0)
(-1 0 0 0 32 32 -1 0)
(-1 0 0 0 32 32 -1 0)
(-1 0 0 0 32 32 -1 0)
(-1 0 0 0 32 32 -1 0)
(-1 0 0 0 32 32 -1 0)
(-1 0 0 0 32 32 -1 0)
(-1 0 0 0 32 32 -1 0)
(-1 0 0 0 32 32 -1 0)
(-1 0 0 0 32 32 -1 0)
(-1 0 0 0 32 32 -1 0)
(-1 0 0 0 32 32 -1 0)
(-1 0 0 0 32 32 -1 0)
(-1 0 0 0 32 32 -1 0)
(0 1 0 0 32 32 -1 0)
(0 0 0 0 32 32 -1 0)
(0 0 0 0 32 32 -1 0)
(0 0 0 0 32 32 -1 3)
(0 1 0 0 32 32 -1 0)
(0 1 0 0 32 32 -1 0)
(-1 0 0 0 32 32 -1 0)
(-1 0 0 0 32 32 -1 0)
(-1 0 0 0 32 32 -1 0)
(-1 0 0 0 32 32 -1 0)
(-1 0 0 0 32 32 -1 0)
(-1 0 0 0 32 32 -1 0)
(-1 0 0 0 32 32 -1 0)
(-1 0 0 0 32 32 -1 0)
(-1 0 0 0 32 32 -1 0)
(0 1 0 0 32 32 -1 0)
(0 1 0 0 32 32 -1 0)
(-1 0 0 0 32 32 -1 0)
(-1 0 0 0 32 32 -1 0)
(-1 0 0 0 32 32 -1 0)
(-1 0 0 0 32 32 -1 0)
(-1 0 0 0 32 32 -1 0)
(0 1 0 0 32 32 -1 0)
(0 0 0 0 32 32 -1 0)
(0 0 0 0 32 32 -1 0)
(0 0 0 0 32 32 -1 0)
(0 1 0 0 32 32 -1 0)
(0 2 0 0 32 32 -1 0)
(-1 0 0 0 32 32 -1 0)
(-1 0 0 0 32 32 -1 0)
(-1 0 0 0 32 32 -1 0)
(-1 0 0 0 32 32 -1 0)
(-1 0 0 0 32 32 -1 0)
(-1 0 0 0 32 32 -1 0)
(-1 0 0 0 32 32 -1 0)
(-1 0 0 0 32 32 -1 0)
(-1 0 0 0 32 32 -1 0)
(-1 0 0 0 32 32 -1 0)
(-1 0 0 0 32 32 -1 0)
(-1 0 0 0 32 32 -1 0)
(-1 0 0 0 32 32 -1 0)
(-1 0 0 0 32 32 -1 0)
(-1 0 0 0 32 32 -1 0)
(-1 0 0 0 32 32 -1 0)
(0 1 0 0 32 32 -1 0)
(0 0 0 0 32 32 -1 0)
(-1 0 0 0 32 32 -1 0)
(0 0 0 0 32 32 -1 0)
(0 1 0 0 32 32 -1 0)
(0 2 0 0 32 32 -1 0)
(-1 0 0 0 32 32 -1 0)
(-1 0 0 0 32 32 -1 0)
(-1 0 0 0 32 32 -1 0)
(-1 0 0 0 32 32 -1 0)
(-1 0 0 0 32 32 -1 0)
(-1 0 0 0 32 32 -1 0)
(-1 0 0 0 32 32 -1 0)
(-1 0 0 0 32 32 -1 0)
(-1 0 0 0 32 32 -1 0)
(-1 0 0 0 32 32 -1 0)
(-1 0 0 0 32 32 -1 0)
(-1 0 0 0 32 32 -1 0)
(-1 0 0 0 32 32 -1 0)
(-1 0 0 0 32 32 -1 0)
(-1 0 0 0 32 32 -1 0)
(-1 0 0 0 32 32 -1 0)
(0 1 0 0 32 32 -1 0)
(0 0 0 0 32 32 -1 0)
(0 0 0 0 32 32 -1 0)
(0 0 0 0 32 32 -1 0)
(0 2 0 0 32 32 -1 0)
(0 2 0 0 32 32 -1 0)
(-1 0 0 0 32 32 -1 0)
(-1 0 0 0 32 32 -1 0)
(-1 0 0 0 32 32 -1 0)
(-1 0 0 0 32 32 -1 0)
(0 1 0 0 32 32 -1 0)
(0 1 0 0 32 32 -1 0)
(-1 0 0 0 32 32 -1 0)
(-1 0 0 0 32 32 -1 0)
(-1 0 0 0 32 32 -1 0)
(-1 0 0 0 32 32 -1 0)
(-1 0 0 0 32 32 -1 0)
(-1 0 0 0 32 32 -1 0)
(-1 0 0 0 32 32 -1 0)
(-1 0 0 0 32 32 -1 0)
(-1 0 0 0 32 32 -1 0)
(-1 0 0 0 32 32 -1 0)
(0 1 0 0 32 32 -1 0)
(0 0 0 0 32 32 -1 0)
(-1 0 0 0 32 32 -1 0)
(-1 0 0 0 32 32 -1 0)
(0 1 0 0 32 32 -1 0)
(0 1 0 0 32 32 -1 0)
(-1 0 0 0 32 32 -1 0)
(-1 0 0 0 32 32 -1 0)
(-1 0 0 0 32 32 -1 0)
(-1 0 0 0 32 32 -1 0)
(-1 0 0 0 32 32 -1 0)
(-1 0 0 0 32 32 -1 0)
(-1 0 0 0 32 32 -1 0)
(-1 0 0 0 32 32 -1 0)
(-1 0 0 0 32 32 -1 0)
(-1 0 0 0 32 32 -1 0)
(-1 0 0 0 32 32 -1 0)
(-1 0 0 0 32 32 -1 0)
(-1 0 0 0 32 32 -1 0)
(-1 0 0 0 32 32 -1 0)
(-1 0 0 0 32 32 -1 0)
(-1 0 0 0 32 32 -1 0)
(0 1 0 0 32 32 -1 0)
(0 0 0 0 32 32 -1 0)
(-1 0 0 0 32 32 -1 0)
(0 0 0 0 32 32 -1 0)
(0 1 0 0 32 32 -1 0)
(0 1 0 0 32 32 -1 0)
(-1 0 0 0 32 32 -1 0)
(-1 0 0 0 32 32 -1 0)
(-1 0 0 0 32 32 -1 0)
(-1 0 0 0 32 32 -1 0)
(-1 0 0 0 32 32 -1 0)
(-1 0 0 0 32 32 -1 0)
(-1 0 0 0 32 32 -1 0)
(-1 0 0 0 32 32 -1 0)
(-1 0 0 0 32 32 -1 0)
(-1 0 0 0 32 32 -1 0)
(-1 0 0 0 32 32 -1 0)
(-1 0 0 0 32 32 -1 0)
(-1 0 0 0 32 32 -1 0)
(-1 0 0 0 32 32 -1 0)
(-1 0 0 0 32 32 -1 0)
(-1 0 0 0 32 32 -1 0)
(0 1 0 0 32 32 -1 0)
(0 0 0 0 32 32 -1 0)
(0 0 0 0 32 32 -1 0)
(0 0 0 0 32 32 -1 0)
(0 1 0 0 32 32 -1 0)
(0 1 0 0 32 32 -1 0)
(0 1 0 0 32 32 -1 0)
(-1 0 0 0 32 32 -1 0)
(-1 0 0 0 32 32 -1 0)
(-1 0 0 0 32 32 -1 0)
(-1 0 0 0 32 32 -1 0)
(-1 0 0 0 32 32 -1 0)
(-1 0 0 0 32 32 -1 0)
(-1 0 0 0 32 32 -1 0)
(-1 0 0 0 32 32 -1 0)
(-1 0 0 0 32 32 -1 0)
(-1 0 0 0 32 32 -1 0)
(-1 0 0 0 32 32 -1 0)
(-1 0 0 0 32 32 -1 0)
(-1 0 0 0 32 32 -1 0)
(-1 0 0 0 32 32 -1 0)
(-1 0 0 0 32 32 -1 0)
(0 1 0 0 32 32 -1 0)
(0 0 0 0 32 32 -1 0)
(0 0 0 0 32 32 -1 0)
(-1 0 0 0 32 32 -1 3)
(0 1 0 0 32 32 -1 0)
(0 1 0 0 32 32 -1 0)
(-1 0 0 0 32 32 -1 0)
(-1 0 0 0 32 32 -1 0)
(-1 0 0 0 32 32 -1 0)
(-1 0 0 0 32 32 -1 0)
(-1 0 0 0 32 32 -1 0)
(-1 0 0 0 32 32 -1 0)
(-1 0 0 0 32 32 -1 0)
(-1 0 0 0 32 32 -1 0)
(-1 0 0 0 32 32 -1 0)
(-1 0 0 0 32 32 -1 0)
(-1 0 0 0 32 32 -1 0)
(-1 0 0 0 32 32 -1 0)
(-1 0 0 0 32 32 -1 0)
(0 1 0 0 32 32 -1 0)
(0 1 0 0 32 32 -1 2)
(0 1 0 0 32 32 -1 0)
(0 1 0 0 32 32 -1 0)
(0 1 0 0 32 32 -1 0)
(0 0 0 0 32 32 -1 0)
(0 0 0 0 32 32 -1 0)
(0 1 0 0 32 32 -1 0)
(0 1 0 0 32 32 -1 0)
(-1 0 0 0 32 32 -1 0)
(-1 0 0 0 32 32 -1 0)
(-1 0 0 0 32 32 -1 0)
(-1 0 0 0 32 32 -1 0)
(-1 0 0 0 32 32 -1 0)
(-1 0 0 0 32 32 -1 0)
(-1 0 0 0 32 32 -1 0)
(-1 0 0 0 32 32 -1 0)
(-1 0 0 0 32 32 -1 0)
(-1 0 0 0 32 32 -1 0)
(-1 0 0 0 32 32 -1 0)
(-1 0 0 0 32 32 -1 0)
(-1 0 0 0 32 32 -1 0)
(-1 0 0 0 32 32 -1 0)
(-1 0 0 0 32 32 -1 0)
(-1 0 0 0 32 32 -1 0)
(0 1 0 0 32 32 -1 0)
(0 0 0 0 32 32 -1 0)
(0 0 0 0 32 32 -1 0)
(-1 0 0 0 32 32 -1 0)
(0 1 0 0 32 32 -1 0)
(0 1 0 0 32 32 -1 0)
(-1 0 0 0 32 32 -1 0)
(-1 0 0 0 32 32 -1 0)
(-1 0 0 0 32 32 -1 0)
(-1 0 0 0 32 32 -1 0)
(-1 0 0 0 32 32 -1 0)
(-1 0 0 0 32 32 -1 0)
(-1 0 0 0 32 32 -1 0)
(-1 0 0 0 32 32 -1 0)
(-1 0 0 0 32 32 -1 0)
(-1 0 0 0 32 32 -1 0)
(-1 0 0 0 32 32 -1 0)
(-1 0 0 0 32 32 -1 0)
(-1 0 0 0 32 32 -1 0)
(-1 0 0 0 32 32 -1 0)
(-1 0 0 0 32 32 -1 0)
(-1 0 0 0 32 32 -1 0)
(0 1 0 0 32 32 -1 0)
(0 0 0 0 32 32 -1 0)
(-1 0 0 0 32 32 -1 0)
(0 0 0 0 32 32 -1 0)
(0 1 0 0 32 32 -1 0)
(0 1 0 0 32 32 -1 0)
(-1 0 0 0 32 32 -1 0)
(-1 0 0 0 32 32 -1 0)
(-1 0 0 0 32 32 -1 0)
(3 1 0 0 32 16 -1 0)
(4 1 0 0 32 16 -1 2)
(5 1 0 0 32 16 -1 0)
(-1 0 0 0 32 32 -1 0)
(-1 0 0 0 32 32 -1 0)
(-1 0 0 0 32 32 -1 0)
(-1 0 0 0 32 32 -1 0)
(-1 0 0 0 32 32 -1 0)
(-1 0 0 0 32 32 -1 0)
(-1 0 0 0 32 32 -1 0)
(-1 0 0 0 32 32 -1 0)
(-1 0 0 0 32 32 -1 0)
(-1 0 0 0 32 32 -1 0)
(0 1 0 0 32 32 -1 0)
(0 0 0 0 32 32 -1 0)
(-1 0 0 0 32 32 -1 0)
(0 0 0 0 32 32 -1 0)
(0 1 0 0 32 32 -1 0)
(0 1 0 0 32 32 -1 0)
(-1 0 0 0 32 32 -1 0)
(-1 0 0 0 32 32 -1 0)
(-1 0 0 0 32 32 -1 0)
(-1 0 0 0 32 32 -1 0)
(-1 0 0 0 32 32 -1 0)
(-1 0 0 0 32 32 -1 0)
(-1 0 0 0 32 32 -1 0)
(-1 0 0 0 32 32 -1 0)
(-1 0 0 0 32 32 -1 0)
(-1 0 0 0 32 32 -1 0)
(-1 0 0 0 32 32 -1 0)
(-1 0 0 0 32 32 -1 0)
(-1 0 0 0 32 32 -1 0)
(-1 0 0 0 32 32 -1 0)
(-1 0 0 0 32 32 -1 0)
(-1 0 0 0 32 32 -1 0)
(0 1 0 0 32 32 -1 0)
(0 1 0 0 32 32 -1 0)
(-1 0 0 0 32 32 -1 0)
(-1 0 0 0 32 32 -1 0)
(0 1 0 0 32 32 -1 0)
(0 1 0 0 32 32 -1 0)
(-1 0 0 0 32 32 -1 0)
(-1 0 0 0 32 32 -1 0)
(-1 0 0 0 32 32 -1 0)
(-1 0 0 0 32 32 -1 0)
(-1 0 0 0 32 32 -1 0)
(-1 0 0 0 32 32 -1 0)
(-1 0 0 0 32 32 -1 0)
(-1 0 0 0 32 32 -1 0)
(-1 0 0 0 32 32 -1 0)
(-1 0 0 0 32 32 -1 0)
(-1 0 0 0 32 32 -1 0)
(-1 0 0 0 32 32 -1 0)
(-1 0 0 0 32 32 -1 0)
(-1 0 0 0 32 32 -1 0)
(-1 0 0 0 32 32 -1 0)
(-1 0 0 0 32 32 -1 0)
(0 1 0 0 32 32 -1 0)
(0 0 0 0 32 32 -1 4)
(-1 0 0 0 32 32 -1 0)
(0 0 0 0 32 32 -1 0)
(0 1 0 0 32 32 -1 0)
(0 1 0 0 32 32 -1 0)
(-1 0 0 0 32 32 -1 0)
(-1 0 0 0 32 32 -1 0)
(-1 0 0 0 32 32 -1 0)
(-1 0 0 0 32 32 -1 0)
(-1 0 0 0 32 32 -1 0)
(-1 0 0 0 32 32 -1 0)
(-1 0 0 0 32 32 -1 0)
(-1 0 0 0 32 32 -1 0)
(-1 0 0 0 32 32 -1 0)
(5 1 0 0 32 16 -1 0)
(5 1 0 0 32 16 -1 0)
(3 1 0 0 32 16 -1 0)
(6 4 0 0 32 32 -1 0)
(3 1 0 0 32 16 -1 0)
(5 1 0 0 32 16 -1 0)
(-1 0 0 0 32 32 -1 0)
(0 1 0 0 32 32 -1 0)
(0 1 0 0 32 32 -1 0)
(-1 0 0 0 32 32 -1 0)
(0 1 0 0 32 32 -1 0)
(0 1 0 0 32 32 -1 0)
(0 1 0 0 32 32 -1 0)
(-1 0 0 0 32 32 -1 0)
(-1 0 0 0 32 32 -1 0)
(-1 0 0 0 32 32 -1 0)
(-1 0 0 0 32 32 -1 0)
(-1 0 0 0 32 32 -1 0)
(-1 0 0 0 32 32 -1 0)
(-1 0 0 0 32 32 -1 0)
(-1 0 0 0 32 32 -1 0)
(-1 0 0 0 32 32 -1 0)
(-1 0 0 0 32 32 -1 0)
(-1 0 0 0 32 32 -1 0)
(-1 0 0 0 32 32 -1 0)
(7 3 0 0 32 32 -1 0)
(-1 0 0 0 32 32 -1 0)
(-1 0 0 0 32 32 -1 0)
(-1 0 0 0 32 32 -1 0)
(0 1 0 0 32 32 -1 0)
(0 0 0 0 32 32 -1 0)
(-1 0 0 0 32 32 -1 0)
(-1 0 0 0 32 32 6 0)
(-1 0 0 0 32 32 -1 0)
(-1 0 0 0 32 32 -1 0)
(-1 0 0 0 32 32 -1 0)
(-1 0 0 0 32 32 -1 0)
(-1 0 0 0 32 32 -1 0)
(-1 0 0 0 32 32 -1 0)
(-1 0 0 0 32 32 -1 0)
(-1 0 0 0 32 32 -1 0)
(-1 0 0 0 32 32 -1 0)
(-1 0 0 0 32 32 -1 0)
(-1 0 0 0 32 32 -1 0)
(-1 0 0 0 32 32 -1 0)
(-1 0 0 0 32 32 -1 0)
(-1 0 0 0 32 32 -1 0)
(7 3 0 0 32 32 -1 0)
(-1 0 0 0 32 32 -1 0)
(-1 0 0 0 32 32 -1 0)
(-1 0 0 0 32 32 -1 0)
(0 1 0 0 32 32 -1 0)
(0 1 0 0 32 32 -1 0)
(-1 0 0 0 32 32 -1 0)
(-1 0 0 0 32 32 6 0)
(-1 0 0 0 32 32 -1 0)
(-1 0 0 0 32 32 -1 0)
(-1 0 0 0 32 32 -1 0)
(-1 0 0 0 32 32 -1 0)
(-1 0 0 0 32 32 -1 0)
(-1 0 0 0 32 32 -1 0)
(-1 0 0 0 32 32 -1 0)
(-1 0 0 0 32 32 -1 0)
(-1 0 0 0 32 32 -1 0)
(-1 0 0 0 32 32 -1 0)
(-1 0 0 0 32 32 -1 0)
(-1 0 0 0 32 32 -1 0)
(-1 0 0 0 32 32 -1 0)
(-1 0 0 0 32 32 -1 0)
(7 3 0 0 32 32 -1 0)
(-1 0 0 0 32 32 -1 0)
(-1 0 0 0 32 32 -1 0)
(-1 0 0 0 32 32 -1 0)
(0 1 0 0 32 32 -1 0)
(0 0 0 0 32 32 -1 0)
(-1 0 0 0 32 32 -1 0)
(-1 0 0 0 32 32 6 0)
(-1 0 0 0 32 32 -1 0)
(-1 0 0 0 32 32 -1 0)
(-1 0 0 0 32 32 -1 0)
(-1 0 0 0 32 32 -1 0)
(-1 0 0 0 32 32 -1 0)
(-1 0 0 0 32 32 -1 0)
(-1 0 0 0 32 32 -1 0)
(-1 0 0 0 32 32 -1 0)
(-1 0 0 0 32 32 -1 0)
(-1 0 0 0 32 32 -1 0)
(-1 0 0 0 32 32 -1 0)
(-1 0 0 0 32 32 -1 0)
(-1 0 0 0 32 32 -1 0)
(-1 0 0 0 32 32 -1 0)
(7 3 0 0 32 32 -1 0)
(-1 0 0 0 32 32 -1 0)
(-1 0 0 0 32 32 -1 0)
(-1 0 0 0 32 32 -1 0)
(0 1 0 0 32 32 -1 0)
(0 0 0 0 32 32 -1 0)
(-1 0 0 0 32 32 -1 0)
(-1 0 0 0 32 32 6 0)
(-1 0 0 0 32 32 -1 0)
(-1 0 0 0 32 32 -1 0)
(-1 0 0 0 32 32 -1 0)
(-1 0 0 0 32 32 -1 0)
(-1 0 0 0 32 32 -1 0)
(-1 0 0 0 32 32 -1 0)
(-1 0 0 0 32 32 -1 0)
(-1 0 0 0 32 32 -1 0)
(-1 0 0 0 32 32 -1 0)
(-1 0 0 0 32 32 -1 0)
(-1 0 0 0 32 32 -1 0)
(-1 0 0 0 32 32 -1 0)
(-1 0 0 0 32 32 -1 0)
(-1 0 0 0 32 32 -1 0)
(7 3 0 0 32 32 -1 0)
(-1 0 0 0 32 32 -1 0)
(-1 0 0 0 32 32 -1 0)
(-1 0 0 0 32 32 -1 0)
(0 1 0 0 32 32 -1 0)
(0 1 0 0 32 32 -1 0)
(-1 0 0 0 32 32 -1 0)
(-1 0 0 0 32 32 6 0)
(-1 0 0 0 32 32 -1 0)
(-1 0 0 0 32 32 -1 0)
(-1 0 0 0 32 32 -1 0)
(-1 0 0 0 32 32 -1 0)
(-1 0 0 0 32 32 -1 0)
(-1 0 0 0 32 32 -1 0)
(-1 0 0 0 32 32 -1 0)
(-1 0 0 0 32 32 -1 0)
(-1 0 0 0 32 32 -1 0)
(-1 0 0 0 32 32 -1 0)
(-1 0 0 0 32 32 -1 0)
(-1 0 0 0 32 32 -1 0)
(-1 0 0 0 32 32 -1 0)
(-1 0 0 0 32 32 -1 0)
(7 3 0 0 32 32 -1 0)
(-1 0 0 0 32 32 -1 0)
(-1 0 0 0 32 32 -1 0)
(-1 0 0 0 32 32 -1 0)
(0 1 0 0 32 32 -1 0)
(0 1 0 0 32 32 -1 0)
(-1 0 0 0 32 32 -1 0)
(-1 0 0 0 32 32 6 0)
(-1 0 0 0 32 32 -1 0)
(-1 0 0 0 32 32 -1 0)
(-1 0 0 0 32 32 -1 0)
(-1 0 0 0 32 32 -1 0)
(-1 0 0 0 32 32 -1 0)
(-1 0 0 0 32 32 -1 0)
(-1 0 0 0 32 32 -1 0)
(-1 0 0 0 32 32 -1 0)
(-1 0 0 0 32 32 -1 0)
(-1 0 0 0 32 32 -1 0)
(-1 0 0 0 32 32 -1 0)
(-1 0 0 0 32 32 -1 0)
(-1 0 0 0 32 32 -1 0)
(-1 0 0 0 32 32 -1 0)
(7 3 0 0 32 32 -1 0)
(-1 0 0 0 32 32 -1 0)
(-1 0 0 0 32 32 -1 0)
(-1 0 0 0 32 32 -1 0)
(0 1 0 0 32 32 -1 0)
(0 0 0 0 32 32 -1 0)
(-1 0 0 0 32 32 -1 0)
(0 1 0 0 32 32 -1 0)
(0 1 0 0 32 32 -1 0)
(0 1 0 0 32 32 -1 0)
(0 1 0 0 32 32 -1 0)
(0 1 0 0 32 32 -1 0)
(0 1 0 0 32 32 -1 0)
(0 1 0 0 32 32 -1 0)
(0 1 0 0 32 32 -1 0)
(0 1 0 0 32 32 -1 0)
(0 1 0 0 32 32 -1 0)
(0 1 0 0 32 32 -1 0)
(0 1 0 0 32 32 -1 0)
(0 1 0 0 32 32 -1 0)
(0 1 0 0 32 32 -1 0)
(0 1 0 0 32 32 -1 0)
(0 1 0 0 32 32 -1 2)
(0 1 0 0 32 32 -1 0)
(0 1 0 0 32 32 -1 0)
(0 1 0 0 32 32 -1 0)
(0 1 0 0 32 32 -1 0)
(0 1 0 0 32 32 -1 0)
(-1 0 0 0 32 32 -1 0)
(0 1 0 0 32 32 -1 0)
(0 0 0 0 32 32 -1 0)
(0 0 0 0 32 32 -1 0)
(0 0 0 0 32 32 -1 0)
(0 0 0 0 32 32 -1 0)
(0 0 0 0 32 32 -1 0)
(0 0 0 0 32 32 -1 0)
(0 0 0 0 32 32 -1 0)
(0 0 0 0 32 32 -1 0)
(0 0 0 0 32 32 -1 0)
(0 0 0 0 32 32 -1 0)
(0 1 0 0 32 32 -1 0)
(0 0 0 0 32 32 -1 0)
(0 0 0 0 32 32 -1 0)
(0 1 0 0 32 32 -1 0)
(0 0 0 0 32 32 -1 0)
(0 1 0 0 32 32 -1 0)
(0 0 0 0 32 32 -1 0)
(0 1 0 0 32 32 -1 0)
(0 1 0 0 32 32 -1 0)
(0 0 0 0 32 32 -1 0)
(-1 0 0 0 32 32 -1 0)
