texture.png 86 32 12 22 62
(0 0 0 0 32 32 -1 0)
(0 0 0 0 32 32 -1 0)
(0 0 0 0 32 32 -1 0)
(0 0 0 0 32 32 -1 0)
(0 0 0 0 32 32 -1 0)
(0 0 0 0 32 32 -1 0)
(0 0 0 0 32 32 -1 0)
(0 0 0 0 32 32 -1 0)
(0 0 0 0 32 32 -1 0)
(0 0 0 0 32 32 -1 0)
(0 0 0 0 32 32 -1 0)
(0 0 0 0 32 32 -1 0)
(0 0 0 0 32 32 -1 0)
(0 0 0 0 32 32 -1 0)
(0 0 0 0 32 32 -1 0)
(0 0 0 0 32 32 -1 0)
(0 0 0 0 32 32 -1 0)
(0 0 0 0 32 32 -1 0)
(0 0 0 0 32 32 -1 0)
(0 0 0 0 32 32 -1 0)
(0 0 0 0 32 32 -1 0)
(0 0 0 0 32 32 -1 0)
(0 0 0 0 32 32 -1 0)
(0 0 0 0 32 32 -1 0)
(0 1 0 0 32 32 -1 0)
(0 1 0 0 32 32 -1 0)
(0 1 0 0 32 32 -1 0)
(0 1 0 0 32 32 -1 0)
(0 1 0 0 32 32 -1 0)
(0 1 0 0 32 32 -1 0)
(0 1 0 0 32 32 -1 0)
(0 1 0 0 32 32 -1 0)
(0 1 0 0 32 32 -1 0)
(0 1 0 0 32 32 -1 0)
(0 1 0 0 32 32 -1 0)
(0 1 0 0 32 32 -1 0)
(0 1 0 0 32 32 -1 0)
(0 1 0 0 32 32 -1 0)
(0 1 0 0 32 32 -1 0)
(0 1 0 0 32 32 -1 0)
(0 1 0 0 32 32 -1 0)
(0 1 0 0 32 32 -1 0)
(0 2 0 0 32 32 -1 0)
(0 0 0 0 32 32 -1 0)
(0 0 0 0 32 32 -1 0)
(0 2 0 0 32 32 -1 0)
(-1 0 0 0 32 32 -1 0)
(-1 0 0 0 32 32 -1 0)
(-1 0 0 0 32 32 -1 0)
(-1 0 0 0 32 32 -1 0)
(-1 0 0 0 32 32 -1 0)
(-1 0 0 0 32 32 -1 0)
(-1 0 0 0 32 32 -1 0)
(-1 0 0 0 32 32 -1 0)
(-1 0 0 0 32 32 -1 0)
(-1 0 0 0 32 32 -1 0)
(-1 0 0 0 32 32 -1 0)
(-1 0 0 0 32 32 -1 0)
(-1 0 0 0 32 32 -1 0)
(-1 0 0 0 32 32 -1 0)
(-1 0 0 0 32 32 -1 0)
(-1 0 0 0 32 32 -1 0)
(-1 0 0 0 32 32 -1 0)
(-1 0 0 0 32 32 -1 0)
(-1 0 0 0 32 32 -1 0)
(-1 0 0 0 32 32 10 0)
(0 0 0 0 32 32 -1 0)
(0 2 0 0 32 32 -1 0)
(-1 0 0 0 32 32 -1 0)
(-1 0 0 0 32 32 -1 0)
(-1 0 0 0 32 32 -1 0)
(-1 0 0 0 32 32 -1 0)
(-1 0 0 0 32 32 -1 0)
(-1 0 0 0 32 32 -1 0)
(-1 0 0 0 32 32 -1 0)
(-1 0 0 0 32 32 -1 0)
(-1 0 0 0 32 32 -1 0)
(-1 0 0 0 32 32 -1 0)
(-1 0 0 0 32 32 -1 0)
(-1 0 0 0 32 32 -1 0)
(-1 0 0 0 32 32 -1 0)
(-1 0 0 0 32 32 -1 0)
(-1 0 0 0 32 32 -1 0)
(-1 0 0 0 32 32 -1 0)
(-1 0 0 0 32 32 -1 0)
(-1 0 0 0 32 32 -1 0)
(-1 0 0 0 32 32 -1 0)
(-1 0 0 0 32 32 10 0)
(0 0 0 0 32 32 -1 0)
(0 2 0 0 32 32 -1 0)
(-1 0 0 0 32 32 -1 0)
(-1 0 0 0 32 32 -1 0)
(-1 0 0 0 32 32 -1 0)
(-1 0 0 0 32 32 -1 0)
(-1 0 0 0 32 32 -1 0)
(-1 0 0 0 32 32 -1 0)
(-1 0 0 0 32 32 -1 0)
(-1 0 0 0 32 32 -1 0)
(-1 0 0 0 32 32 -1 0)
(-1 0 0 0 32 32 -1 0)
(-1 0 0 0 32 32 -1 0)
(-1 0 0 0 32 32 -1 0)
(-1 0 0 0 32 32 -1 0)
(-1 0 0 0 32 32 -1 0)
(-1 0 0 0 32 32 -1 0)
(-1 0 0 0 32 32 -1 0)
(-1 0 0 0 32 32 -1 0)
(-1 0 0 0 32 32 -1 0)
(-1 0 0 0 32 32 -1 0)
(-1 0 0 0 32 32 10 0)
(0 0 0 0 32 32 -1 0)
(0 2 0 0 32 32 -1 0)
(-1 0 0 0 32 32 -1 0)
(-1 0 0 0 32 32 -1 0)
(-1 0 0 0 32 32 -1 0)
(-1 0 0 0 32 32 -1 0)
(-1 0 0 0 32 32 -1 0)
(-1 0 0 0 32 32 -1 0)
(-1 0 0 0 32 32 -1 0)
(-1 0 0 0 32 32 -1 0)
(-1 0 0 0 32 32 -1 0)
(-1 0 0 0 32 32 -1 0)
(-1 0 0 0 32 32 -1 0)
(-1 0 0 0 32 32 -1 0)
(-1 0 0 0 32 32 -1 0)
(-1 0 0 0 32 32 -1 0)
(-1 0 0 0 32 32 -1 0)
(-1 0 0 0 32 32 -1 0)
(-1 0 0 0 32 32 -1 0)
(-1 0 0 0 32 32 -1 0)
(-1 0 0 0 32 32 -1 0)
(-1 0 0 0 32 32 10 0)
(0 0 0 0 32 32 -1 0)
(0 0 0 0 32 32 -1 0)
(-1 0 0 0 32 32 -1 0)
(-1 0 0 0 32 32 -1 0)
(-1 0 0 0 32 32 -1 0)
(-1 0 0 0 32 32 -1 0)
(-1 0 0 0 32 32 -1 0)
(-1 0 0 0 32 32 -1 0)
(-1 0 0 0 32 32 -1 0)
(-1 0 0 0 32 32 -1 0)
(-1 0 0 0 32 32 -1 0)
(-1 0 0 0 32 32 -1 0)
(-1 0 0 0 32 32 -1 0)
(-1 0 0 0 32 32 -1 0)
(-1 0 0 0 32 32 -1 0)
(-1 0 0 0 32 32 -1 0)
(-1 0 0 0 32 32 -1 0)
(-1 0 0 0 32 32 -1 0)
(-1 0 0 0 32 32 -1 0)
(-1 0 0 0 32 32 -1 0)
(-1 0 0 0 32 32 -1 0)
(-1 0 0 0 32 32 10 0)
(0 0 0 0 32 32 -1 0)
(0 2 0 0 32 32 -1 0)
(-1 0 0 0 32 32 -1 0)
(-1 0 0 0 32 32 -1 0)
(-1 0 0 0 32 32 -1 0)
(-1 0 0 0 32 32 -1 0)
(-1 0 0 0 32 32 -1 0)
(-1 0 0 0 32 32 -1 0)
(-1 0 0 0 32 32 -1 0)
(-1 0 0 0 32 32 -1 0)
(4 1 0 0 32 16 -1 0)
(5 1 0 0 32 16 -1 0)
(3 1 0 0 32 16 -1 0)
(4 1 0 0 32 16 -1 0)
(-1 0 0 0 32 32 -1 0)
(-1 0 0 0 32 32 -1 0)
(-1 0 0 0 32 32 -1 0)
(-1 0 0 0 32 32 -1 0)
(5 1 0 0 32 16 -1 0)
(10 1 0 0 32 32 -1 0)
(4 2 0 0 32 32 -1 0)
(0 1 0 0 32 32 -1 0)
(0 0 0 0 32 32 -1 0)
(0 2 0 0 32 32 -1 0)
(-1 0 0 0 32 32 -1 0)
(-1 0 0 0 32 32 -1 0)
(-1 0 0 0 32 32 -1 0)
(-1 0 0 0 32 32 -1 0)
(-1 0 0 0 32 32 -1 0)
(-1 0 0 0 32 32 -1 0)
(-1 0 0 0 32 32 -1 0)
(-1 0 0 0 32 32 -1 0)
(-1 0 0 0 32 32 -1 0)
(-1 0 0 0 32 32 -1 0)
(-1 0 0 0 32 32 -1 0)
(-1 0 0 0 32 32 -1 0)
(-1 0 0 0 32 32 -1 0)
(-1 0 0 0 32 32 -1 0)
(-1 0 0 0 32 32 -1 0)
(-1 0 0 0 32 32 -1 0)
(-1 0 0 0 32 32 -1 0)
(2 2 0 0 32 32 -1 0)
(-1 0 0 0 32 32 -1 0)
(0 1 0 0 32 32 -1 0)
(0 0 0 0 32 32 -1 4)
(0 2 0 0 32 32 -1 0)
(-1 0 0 0 32 32 -1 0)
(-1 0 0 0 32 32 -1 0)
(-1 0 0 0 32 32 -1 0)
(-1 0 0 0 32 32 -1 0)
(-1 0 0 0 32 32 -1 0)
(-1 0 0 0 32 32 -1 0)
(-1 0 0 0 32 32 -1 0)
(-1 0 0 0 32 32 -1 0)
(-1 0 0 0 32 32 -1 0)
(-1 0 0 0 32 32 -1 0)
(-1 0 0 0 32 32 -1 0)
(-1 0 0 0 32 32 -1 0)
(-1 0 0 0 32 32 -1 0)
(-1 0 0 0 32 32 -1 0)
(-1 0 0 0 32 32 -1 0)
(-1 0 0 0 32 32 -1 0)
(-1 0 0 0 32 32 -1 0)
(2 2 0 0 32 32 -1 0)
(-1 0 0 0 32 32 -1 0)
(0 1 0 0 32 32 -1 0)
(0 0 0 0 32 32 -1 0)
(0 2 0 0 32 32 -1 0)
(-1 0 0 0 32 32 -1 0)
(-1 0 0 0 32 32 -1 0)
(-1 0 0 0 32 32 -1 0)
(-1 0 0 0 32 32 -1 0)
(5 1 0 0 32 32 -1 0)
(3 1 0 0 32 16 -1 0)
(-1 0 0 0 32 32 -1 0)
(-1 0 0 0 32 32 -1 0)
(-1 0 0 0 32 32 -1 0)
(-1 0 0 0 32 32 -1 0)
(-1 0 0 0 32 32 -1 0)
(-1 0 0 0 32 32 -1 0)
(-1 0 0 0 32 32 -1 0)
(-1 0 0 0 32 32 -1 0)
(-1 0 0 0 32 32 -1 0)
(-1 0 0 0 32 32 -1 0)
(-1 0 0 0 32 32 -1 0)
(2 2 0 0 32 32 -1 0)
(-1 0 0 0 32 32 -1 0)
(0 0 0 0 32 32 -1 0)
(0 0 0 0 32 32 -1 0)
(0 2 0 0 32 32 -1 0)
(-1 0 0 0 32 32 -1 0)
(-1 0 0 0 32 32 -1 0)
(-1 0 0 0 32 32 -1 0)
(-1 0 0 0 32 32 -1 0)
(-1 0 0 0 32 32 -1 0)
(-1 0 0 0 32 32 -1 0)
(-1 0 0 0 32 32 -1 0)
(-1 0 0 0 32 32 -1 0)
(-1 0 0 0 32 32 -1 0)
(-1 0 0 0 32 32 -1 0)
(-1 0 0 0 32 32 -1 0)
(-1 0 0 0 32 32 -1 0)
(-1 0 0 0 32 32 -1 0)
(-1 0 0 0 32 32 -1 0)
(-1 0 0 0 32 32 -1 0)
(-1 0 0 0 32 32 -1 0)
(-1 0 0 0 32 32 -1 0)
(2 2 0 0 32 32 -1 0)
(-1 0 0 0 32 32 -1 0)
(0 0 0 0 32 32 -1 0)
(0 0 0 0 32 32 -1 0)
(0 2 0 0 32 32 -1 0)
(-1 0 0 0 32 32 -1 0)
(-1 0 0 0 32 32 -1 0)
(-1 0 0 0 32 32 -1 0)
(-1 0 0 0 32 32 -1 0)
(-1 0 0 0 32 32 -1 0)
(-1 0 0 0 32 32 -1 0)
(-1 0 0 0 32 32 -1 0)
(-1 0 0 0 32 32 -1 0)
(-1 0 0 0 32 32 -1 0)
(-1 0 0 0 32 32 -1 0)
(-1 0 0 0 32 32 -1 0)
(-1 0 0 0 32 32 -1 0)
(-1 0 0 0 32 32 -1 0)
(-1 0 0 0 32 32 -1 0)
(-1 0 0 0 32 32 -1 0)
(-1 0 0 0 32 32 -1 0)
(-1 0 0 0 32 32 -1 0)
(2 2 0 0 32 32 -1 0)
(-1 0 0 0 32 32 -1 0)
(0 0 0 0 32 32 -1 0)
(0 0 0 0 32 32 -1 0)
(0 2 0 0 32 32 -1 0)
(0 1 0 0 32 32 -1 0)
(0 1 0 0 32 32 -1 2)
(0 1 0 0 32 32 -1 0)
(0 1 0 0 32 32 -1 0)
(0 1 0 0 32 32 -1 0)
(0 1 0 0 32 32 -1 0)
(0 1 0 0 32 32 -1 0)
(0 1 0 0 32 32 -1 0)
(0 1 0 0 32 32 -1 0)
(5 1 0 0 32 16 -1 0)
(3 1 0 0 32 16 -1 0)
(5 1 0 0 32 16 -1 0)
(4 1 0 0 32 16 -1 0)
(5 1 0 0 32 16 -1 0)
(6 4 0 0 32 32 -1 0)
(3 1 0 0 32 16 -1 0)
(0 1 0 0 32 16 -1 0)
(0 1 0 0 32 16 -1 0)
(0 2 0 0 32 32 -1 0)
(0 0 0 0 32 32 -1 0)
(0 0 0 0 32 32 -1 0)
(0 2 0 0 32 32 -1 0)
(-1 0 0 0 32 32 -1 0)
(-1 0 0 0 32 32 -1 0)
(-1 0 0 0 32 32 -1 0)
(-1 0 0 0 32 32 -1 0)
(-1 0 0 0 32 32 -1 0)
(-1 0 0 0 32 32 -1 0)
(-1 0 0 0 32 32 -1 0)
(-1 0 0 0 32 32 -1 0)
(-1 0 0 0 32 32 -1 0)
(-1 0 0 0 32 32 -1 0)
(-1 0 0 0 32 32 -1 0)
(-1 0 0 0 32 32 -1 0)
(-1 0 0 0 32 32 -1 0)
(-1 0 0 0 32 32 -1 0)
(7 3 0 0 32 32 -1 0)
(-1 0 0 0 32 32 -1 0)
(0 1 0 0 32 32 -1 0)
(0 2 0 0 32 32 -1 0)
(0 2 0 0 32 32 -1 0)
(0 0 0 0 32 32 -1 3)
(0 0 0 0 32 32 -1 0)
(0 2 0 0 32 32 -1 0)
(-1 0 0 0 32 32 -1 0)
(-1 0 0 0 32 32 -1 0)
(-1 0 0 0 32 32 -1 0)
(-1 0 0 0 32 32 -1 0)
(-1 0 0 0 32 32 -1 0)
(-1 0 0 0 32 32 -1 0)
(-1 0 0 0 32 32 -1 0)
(-1 0 0 0 32 32 -1 0)
(-1 0 0 0 32 32 -1 0)
(-1 0 0 0 32 32 -1 0)
(-1 0 0 0 32 32 -1 0)
(-1 0 0 0 32 32 -1 0)
(-1 0 0 0 32 32 -1 0)
(-1 0 0 0 32 32 -1 0)
(7 3 0 0 32 32 -1 0)
(-1 0 0 0 32 32 -1 0)
(-1 0 0 0 32 32 -1 0)
(0 2 0 0 32 32 -1 0)
(0 2 0 0 32 32 -1 0)
(0 0 0 0 32 32 -1 0)
(0 0 0 0 32 32 -1 0)
(0 2 0 0 32 32 -1 0)
(-1 0 0 0 32 32 -1 0)
(-1 0 0 0 32 32 -1 0)
(-1 0 0 0 32 32 -1 0)
(-1 0 0 0 32 32 -1 0)
(-1 0 0 0 32 32 -1 0)
(-1 0 0 0 32 32 -1 0)
(-1 0 0 0 32 32 -1 0)
(-1 0 0 0 32 32 -1 0)
(-1 0 0 0 32 32 -1 0)
(-1 0 0 0 32 32 -1 0)
(-1 0 0 0 32 32 -1 0)
(-1 0 0 0 32 32 -1 0)
(-1 0 0 0 32 32 -1 0)
(-1 0 0 0 32 32 -1 0)
(7 3 0 0 32 32 -1 0)
(-1 0 0 0 32 32 -1 0)
(-1 0 0 0 32 32 -1 0)
(-1 0 0 0 32 32 -1 0)
(0 2 0 0 32 32 -1 0)
(0 0 0 0 32 32 -1 0)
(0 0 0 0 32 32 -1 0)
(0 2 0 0 32 32 -1 0)
(-1 0 0 0 32 32 -1 0)
(-1 0 0 0 32 32 -1 0)
(-1 0 0 0 32 32 -1 0)
(-1 0 0 0 32 32 -1 0)
(-1 0 0 0 32 32 -1 0)
(-1 0 0 0 32 32 -1 0)
(-1 0 0 0 32 32 -1 0)
(-1 0 0 0 32 32 -1 0)
(-1 0 0 0 32 32 -1 0)
(-1 0 0 0 32 32 -1 0)
(-1 0 0 0 32 32 -1 0)
(-1 0 0 0 32 32 -1 0)
(-1 0 0 0 32 32 -1 0)
(-1 0 0 0 32 32 -1 0)
(7 3 0 0 32 32 -1 0)
(-1 0 0 0 32 32 -1 0)
(-1 0 0 0 32 32 -1 0)
(-1 0 0 0 32 32 -1 0)
(0 2 0 0 32 32 -1 0)
(0 0 0 0 32 32 -1 0)
(-1 0 0 0 32 32 -1 0)
(0 2 0 0 32 32 -1 0)
(-1 0 0 0 32 32 -1 0)
(-1 0 0 0 32 32 -1 0)
(-1 0 0 0 32 32 -1 0)
(-1 0 0 0 32 32 -1 0)
(-1 0 0 0 32 32 -1 0)
(-1 0 0 0 32 32 -1 0)
(-1 0 0 0 32 32 -1 0)
(-1 0 0 0 32 32 -1 0)
(-1 0 0 0 32 32 -1 0)
(-1 0 0 0 32 32 -1 0)
(-1 0 0 0 32 32 -1 0)
(-1 0 0 0 32 32 -1 0)
(-1 0 0 0 32 32 -1 0)
(-1 0 0 0 32 32 -1 0)
(7 3 0 0 32 32 -1 0)
(-1 0 0 0 32 32 -1 0)
(-1 0 0 0 32 32 -1 0)
(-1 0 0 0 32 32 -1 0)
(0 2 0 0 32 32 -1 0)
(0 0 0 0 32 32 -1 0)
(0 2 0 0 32 32 -1 0)
(0 2 0 0 32 32 -1 0)
(0 1 0 0 32 32 -1 0)
(0 1 0 0 32 32 -1 2)
(0 1 0 0 32 32 -1 0)
(-1 0 0 0 32 32 -1 0)
(-1 0 0 0 32 32 -1 0)
(-1 0 0 0 32 32 -1 0)
(-1 0 0 0 32 32 -1 0)
(-1 0 0 0 32 32 -1 0)
(-1 0 0 0 32 32 -1 0)
(-1 0 0 0 32 32 -1 0)
(-1 0 0 0 32 32 -1 0)
(-1 0 0 0 32 32 -1 0)
(-1 0 0 0 32 32 -1 0)
(-1 0 0 0 32 32 -1 0)
(7 3 0 0 32 32 -1 0)
(-1 0 0 0 32 32 -1 0)
(-1 0 0 0 32 32 -1 0)
(-1 0 0 0 32 32 -1 0)
(0 2 0 0 32 32 -1 0)
(0 0 0 0 32 32 -1 0)
(-1 0 0 0 32 32 -1 0)
(0 2 0 0 32 32 -1 0)
(-1 0 0 0 32 32 -1 0)
(-1 0 0 0 32 32 -1 0)
(-1 0 0 0 32 32 -1 0)
(-1 0 0 0 32 32 -1 0)
(-1 0 0 0 32 32 -1 0)
(-1 0 0 0 32 32 -1 0)
(-1 0 0 0 32 32 -1 0)
(-1 0 0 0 32 32 -1 0)
(-1 0 0 0 32 32 -1 0)
(-1 0 0 0 32 32 -1 0)
(-1 0 0 0 32 32 -1 0)
(-1 0 0 0 32 32 -1 0)
(-1 0 0 0 32 32 -1 0)
(-1 0 0 0 32 32 -1 0)
(7 3 0 0 32 32 -1 0)
(-1 0 0 0 32 32 -1 0)
(-1 0 0 0 32 32 -1 0)
(-1 0 0 0 32 32 -1 0)
(0 2 0 0 32 32 -1 0)
(0 0 0 0 32 32 -1 0)
(0 2 0 0 32 32 -1 0)
(0 2 0 0 32 32 -1 0)
(-1 0 0 0 32 32 -1 0)
(-1 0 0 0 32 32 -1 0)
(-1 0 0 0 32 32 -1 0)
(-1 0 0 0 32 32 -1 0)
(-1 0 0 0 32 32 -1 0)
(-1 0 0 0 32 32 -1 0)
(-1 0 0 0 32 32 -1 0)
(-1 0 0 0 32 32 -1 0)
(-1 0 0 0 32 32 -1 0)
(-1 0 0 0 32 32 -1 0)
(-1 0 0 0 32 32 -1 0)
(-1 0 0 0 32 32 -1 0)
(-1 0 0 0 32 32 -1 0)
(-1 0 0 0 32 32 -1 0)
(7 3 0 0 32 32 -1 0)
(-1 0 0 0 32 32 -1 0)
(-1 0 0 0 32 32 -1 0)
(-1 0 0 0 32 32 -1 0)
(0 2 0 0 32 32 -1 0)
(0 0 0 0 32 32 -1 0)
(-1 0 0 0 32 32 -1 0)
(0 2 0 0 32 32 -1 0)
(-1 0 0 0 32 32 -1 0)
(-1 0 0 0 32 32 -1 0)
(-1 0 0 0 32 32 -1 0)
(-1 0 0 0 32 32 -1 0)
(-1 0 0 0 32 32 -1 0)
(-1 0 0 0 32 32 -1 0)
(-1 0 0 0 32 32 -1 0)
(-1 0 0 0 32 32 -1 0)
(-1 0 0 0 32 32 -1 0)
(-1 0 0 0 32 32 -1 0)
(-1 0 0 0 32 32 -1 0)
(-1 0 0 0 32 32 -1 0)
(-1 0 0 0 32 32 -1 0)
(-1 0 0 0 32 32 -1 0)
(7 3 0 0 32 32 -1 0)
(-1 0 0 0 32 32 -1 0)
(-1 0 0 0 32 32 -1 0)
(-1 0 0 0 32 32 -1 0)
(0 2 0 0 32 32 -1 0)
(0 0 0 0 32 32 -1 0)
(0 2 0 0 32 32 -1 0)
(0 2 0 0 32 32 -1 0)
(5 1 0 0 32 16 -1 0)
(5 1 0 0 32 16 -1 0)
(4 1 0 0 32 16 -1 0)
(6 4 0 0 32 32 -1 0)
(4 1 0 0 32 16 -1 0)
(5 1 0 0 32 16 -1 0)
(3 1 0 0 32 16 -1 0)
(5 1 0 0 32 16 -1 0)
(4 1 0 0 32 16 -1 0)
(3 1 0 0 32 16 -1 0)
(5 1 0 0 32 16 -1 0)
(3 1 0 0 32 16 -1 1)
(5 1 0 0 32 16 -1 0)
(4 1 0 0 32 16 -1 0)
(5 1 0 0 32 16 -1 0)
(4 1 0 0 32 16 -1 0)
(5 1 0 0 32 16 -1 0)
(3 1 0 0 32 32 -1 0)
(0 2 0 0 32 32 -1 0)
(0 0 0 0 32 32 -1 0)
(-1 0 0 0 32 32 -1 0)
(0 2 0 0 32 32 -1 0)
(-1 0 0 0 32 32 -1 0)
(-1 0 0 0 32 32 -1 0)
(-1 0 0 0 32 32 -1 0)
(7 3 0 0 32 32 -1 0)
(-1 0 0 0 32 32 -1 0)
(-1 0 0 0 32 32 -1 0)
(-1 0 0 0 32 32 -1 0)
(-1 0 0 0 32 32 -1 0)
(-1 0 0 0 32 32 -1 0)
(-1 0 0 0 32 32 -1 0)
(-1 0 0 0 32 32 -1 0)
(-1 0 0 0 32 32 -1 0)
(-1 0 0 0 32 32 -1 0)
(-1 0 0 0 32 32 -1 0)
(-1 0 0 0 32 32 -1 0)
(-1 0 0 0 32 32 -1 0)
(-1 0 0 0 32 32 -1 0)
(-1 0 0 0 32 32 -1 0)
(0 2 0 0 32 32 -1 0)
(0 0 0 0 32 32 -1 3)
(0 2 0 0 32 32 -1 0)
(0 2 0 0 32 32 -1 0)
(-1 0 0 0 32 32 -1 0)
(-1 0 0 0 32 32 -1 0)
(-1 0 0 0 32 32 -1 0)
(7 3 0 0 32 32 -1 0)
(-1 0 0 0 32 32 -1 0)
(-1 0 0 0 32 32 -1 0)
(-1 0 0 0 32 32 -1 0)
(-1 0 0 0 32 32 -1 0)
(-1 0 0 0 32 32 -1 0)
(-1 0 0 0 32 32 -1 0)
(-1 0 0 0 32 32 -1 0)
(-1 0 0 0 32 32 -1 0)
(-1 0 0 0 32 32 -1 0)
(-1 0 0 0 32 32 -1 0)
(-1 0 0 0 32 32 -1 0)
(-1 0 0 0 32 32 -1 0)
(-1 0 0 0 32 32 -1 0)
(-1 0 0 0 32 32 -1 0)
(0 2 0 0 32 32 -1 0)
(0 0 0 0 32 32 -1 4)
(-1 0 0 0 32 32 -1 0)
(0 2 0 0 32 32 -1 0)
(-1 0 0 0 32 32 -1 0)
(-1 0 0 0 32 32 -1 0)
(-1 0 0 0 32 32 -1 0)
(7 3 0 0 32 32 -1 0)
(-1 0 0 0 32 32 -1 0)
(-1 0 0 0 32 32 -1 0)
(-1 0 0 0 32 32 -1 0)
(-1 0 0 0 32 32 -1 0)
(-1 0 0 0 32 32 -1 0)
(-1 0 0 0 32 32 -1 0)
(-1 0 0 0 32 32 -1 0)
(-1 0 0 0 32 32 -1 0)
(-1 0 0 0 32 32 -1 0)
(-1 0 0 0 32 32 -1 0)
(-1 0 0 0 32 32 -1 0)
(-1 0 0 0 32 32 -1 0)
(-1 0 0 0 32 32 -1 0)
(-1 0 0 0 32 32 -1 0)
(0 2 0 0 32 32 -1 0)
(0 0 0 0 32 32 -1 0)
(0 2 0 0 32 32 -1 0)
(0 2 0 0 32 32 -1 0)
(-1 0 0 0 32 32 -1 0)
(-1 0 0 0 32 32 -1 0)
(-1 0 0 0 32 32 -1 0)
(7 3 0 0 32 32 -1 0)
(-1 0 0 0 32 32 -1 0)
(-1 0 0 0 32 32 -1 0)
(-1 0 0 0 32 32 -1 0)
(-1 0 0 0 32 32 -1 0)
(-1 0 0 0 32 32 -1 0)
(-1 0 0 0 32 32 -1 0)
(-1 0 0 0 32 32 -1 0)
(-1 0 0 0 32 32 -1 0)
(-1 0 0 0 32 32 -1 0)
(-1 0 0 0 32 32 -1 0)
(-1 0 0 0 32 32 -1 0)
(-1 0 0 0 32 32 -1 0)
(-1 0 0 0 32 32 -1 0)
(-1 0 0 0 32 32 -1 0)
(0 2 0 0 32 32 -1 0)
(0 0 0 0 32 32 -1 0)
(-1 0 0 0 32 32 -1 3)
(0 2 0 0 32 32 -1 0)
(-1 0 0 0 32 32 -1 0)
(-1 0 0 0 32 32 -1 0)
(-1 0 0 0 32 32 -1 0)
(7 3 0 0 32 32 -1 0)
(-1 0 0 0 32 32 -1 0)
(-1 0 0 0 32 32 -1 0)
(-1 0 0 0 32 32 -1 0)
(-1 0 0 0 32 32 -1 0)
(-1 0 0 0 32 32 -1 0)
(-1 0 0 0 32 32 -1 0)
(-1 0 0 0 32 32 -1 0)
(-1 0 0 0 32 32 -1 0)
(-1 0 0 0 32 32 -1 0)
(-1 0 0 0 32 32 -1 0)
(-1 0 0 0 32 32 -1 0)
(-1 0 0 0 32 32 -1 0)
(-1 0 0 0 32 32 -1 0)
(-1 0 0 0 32 32 -1 0)
(0 2 0 0 32 32 -1 0)
(0 0 0 0 32 32 -1 0)
(0 2 0 0 32 32 -1 0)
(0 2 0 0 32 32 -1 0)
(-1 0 0 0 32 32 -1 0)
(-1 0 0 0 32 32 -1 0)
(-1 0 0 0 32 32 -1 0)
(7 3 0 0 32 32 -1 0)
(-1 0 0 0 32 32 -1 0)
(-1 0 0 0 32 32 -1 0)
(-1 0 0 0 32 32 -1 0)
(-1 0 0 0 32 32 -1 0)
(-1 0 0 0 32 32 -1 0)
(-1 0 0 0 32 32 -1 0)
(-1 0 0 0 32 32 -1 0)
(-1 0 0 0 32 32 -1 0)
(-1 0 0 0 32 32 -1 0)
(-1 0 0 0 32 32 -1 0)
(-1 0 0 0 32 32 -1 0)
(-1 0 0 0 32 32 -1 0)
(-1 0 0 0 32 32 -1 0)
(-1 0 0 0 32 32 -1 0)
(0 2 0 0 32 32 -1 0)
(0 0 0 0 32 32 -1 0)
(-1 0 0 0 32 32 -1 0)
(0 2 0 0 32 32 -1 0)
(-1 0 0 0 32 32 -1 0)
(-1 0 0 0 32 32 -1 0)
(-1 0 0 0 32 32 -1 0)
(7 3 0 0 32 32 -1 0)
(-1 0 0 0 32 32 -1 0)
(-1 0 0 0 32 32 -1 0)
(-1 0 0 0 32 32 -1 0)
(-1 0 0 0 32 32 -1 0)
(-1 0 0 0 32 32 -1 0)
(-1 0 0 0 32 32 -1 0)
(-1 0 0 0 32 32 -1 0)
(-1 0 0 0 32 32 -1 0)
(-1 0 0 0 32 32 -1 0)
(-1 0 0 0 32 32 -1 0)
(-1 0 0 0 32 32 -1 0)
(-1 0 0 0 32 32 -1 0)
(-1 0 0 0 32 32 -1 0)
(-1 0 0 0 32 32 -1 0)
(0 2 0 0 32 32 -1 0)
(0 0 0 0 32 32 -1 0)
(0 2 0 0 32 32 -1 0)
(0 0 0 0 32 32 -1 0)
(0 1 0 0 32 32 -1 0)
(0 1 0 0 32 32 -1 0)
(0 1 0 0 32 32 -1 0)
(0 1 0 0 32 32 -1 0)
(0 1 0 0 32 32 -1 5)
(0 1 0 0 32 32 -1 0)
(0 1 0 0 32 32 -1 0)
(0 1 0 0 32 32 -1 0)
(-1 0 0 0 32 32 -1 0)
(-1 0 0 0 32 32 -1 0)
(-1 0 0 0 32 32 -1 0)
(-1 0 0 0 32 32 -1 0)
(-1 0 0 0 32 32 -1 0)
(-1 0 0 0 32 32 -1 0)
(-1 0 0 0 32 32 -1 0)
(0 1 0 0 32 32 -1 0)
(0 1 0 0 32 32 -1 2)
(0 1 0 0 32 32 -1 0)
(0 1 0 0 32 32 -1 0)
(0 0 0 0 32 32 -1 0)
(-1 0 0 0 32 32 -1 0)
(0 0 0 0 32 32 -1 0)
(0 1 0 0 32 32 -1 0)
(0 1 0 0 32 32 -1 0)
(0 1 0 0 32 32 -1 0)
(0 1 0 0 32 32 -1 0)
(-1 0 0 0 32 32 -1 0)
(-1 0 0 0 32 32 -1 0)
(-1 0 0 0 32 32 -1 0)
(-1 0 0 0 32 32 -1 0)
(-1 0 0 0 32 32 -1 0)
(-1 0 0 0 32 32 -1 0)
(-1 0 0 0 32 32 -1 0)
(-1 0 0 0 32 32 -1 0)
(-1 0 0 0 32 32 -1 0)
(-1 0 0 0 32 32 -1 0)
(-1 0 0 0 32 32 -1 0)
(-1 0 0 0 32 32 -1 0)
(-1 0 0 0 32 32 -1 0)
(-1 0 0 0 32 32 -1 0)
(0 1 0 0 32 32 -1 0)
(0 0 0 0 32 32 -1 3)
(0 2 0 0 32 32 -1 0)
(0 2 0 0 32 32 -1 0)
(0 1 0 0 32 32 -1 0)
(-1 0 0 0 32 32 -1 0)
(-1 0 0 0 32 32 -1 0)
(-1 0 0 0 32 32 -1 0)
(-1 0 0 0 32 32 -1 0)
(-1 0 0 0 32 32 -1 0)
(-1 0 0 0 32 32 -1 0)
(-1 0 0 0 32 32 -1 0)
(-1 0 0 0 32 32 -1 0)
(-1 0 0 0 32 32 -1 0)
(-1 0 0 0 32 32 -1 0)
(0 1 0 0 32 32 -1 0)
(0 1 0 0 32 32 -1 0)
(-1 0 0 0 32 32 -1 0)
(-1 0 0 0 32 32 -1 0)
(-1 0 0 0 32 32 -1 0)
(-1 0 0 0 32 32 -1 0)
(-1 0 0 0 32 32 -1 0)
(0 1 0 0 32 32 -1 0)
(0 0 0 0 32 32 -1 0)
(-1 0 0 0 32 32 -1 0)
(0 2 0 0 32 32 -1 0)
(-1 0 0 0 32 32 -1 0)
(-1 0 0 0 32 32 -1 0)
(-1 0 0 0 32 32 -1 0)
(-1 0 0 0 32 32 -1 0)
(-1 0 0 0 32 32 -1 0)
(-1 0 0 0 32 32 -1 0)
(-1 0 0 0 32 32 -1 0)
(-1 0 0 0 32 32 -1 0)
(-1 0 0 0 32 32 -1 0)
(-1 0 0 0 32 32 -1 0)
(-1 0 0 0 32 32 -1 0)
(-1 0 0 0 32 32 -1 0)
(-1 0 0 0 32 32 -1 0)
(-1 0 0 0 32 32 -1 0)
(-1 0 0 0 32 32 -1 0)
(-1 0 0 0 32 32 -1 0)
(-1 0 0 0 32 32 -1 0)
(-1 0 0 0 32 32 -1 0)
(0 2 0 0 32 32 -1 0)
(0 0 0 0 32 32 -1 0)
(0 2 0 0 32 32 -1 3)
(0 2 0 0 32 32 -1 0)
(-1 0 0 0 32 32 -1 0)
(-1 0 0 0 32 32 -1 0)
(-1 0 0 0 32 32 -1 0)
(-1 0 0 0 32 32 -1 0)
(-1 0 0 0 32 32 -1 0)
(-1 0 0 0 32 32 -1 0)
(-1 0 0 0 32 32 -1 0)
(-1 0 0 0 32 32 -1 0)
(0 1 0 0 32 32 -1 0)
(0 1 0 0 32 32 -1 0)
(-1 0 0 0 32 32 -1 0)
(-1 0 0 0 32 32 -1 0)
(-1 0 0 0 32 32 -1 0)
(-1 0 0 0 32 32 -1 0)
(-1 0 0 0 32 32 -1 0)
(-1 0 0 0 32 32 -1 0)
(-1 0 0 0 32 32 -1 0)
(-1 0 0 0 32 32 -1 0)
(0 2 0 0 32 32 -1 0)
(0 0 0 0 32 32 -1 0)
(-1 0 0 0 32 32 -1 0)
(0 2 0 0 32 32 -1 0)
(-1 0 0 0 32 32 -1 0)
(-1 0 0 0 32 32 -1 0)
(-1 0 0 0 32 32 -1 0)
(-1 0 0 0 32 32 -1 0)
(-1 0 0 0 32 32 -1 0)
(-1 0 0 0 32 32 -1 0)
(-1 0 0 0 32 32 -1 0)
(-1 0 0 0 32 32 -1 0)
(-1 0 0 0 32 32 -1 0)
(-1 0 0 0 32 32 -1 0)
(-1 0 0 0 32 32 -1 0)
(-1 0 0 0 32 32 -1 0)
(-1 0 0 0 32 32 -1 0)
(-1 0 0 0 32 32 -1 0)
(-1 0 0 0 32 32 -1 0)
(-1 0 0 0 32 32 -1 0)
(-1 0 0 0 32 32 -1 0)
(-1 0 0 0 32 32 -1 0)
(0 2 0 0 32 32 -1 0)
(0 0 0 0 32 32 -1 0)
(0 2 0 0 32 32 -1 0)
(0 2 0 0 32 32 -1 0)
(-1 0 0 0 32 32 -1 0)
(-1 0 0 0 32 32 -1 0)
(-1 0 0 0 32 32 -1 0)
(-1 0 0 0 32 32 -1 0)
(0 1 0 0 32 32 -1 0)
(0 1 0 0 32 32 -1 0)
(-1 0 0 0 32 32 -1 0)
(-1 0 0 0 32 32 -1 0)
(-1 0 0 0 32 32 -1 0)
(-1 0 0 0 32 32 -1 0)
(-1 0 0 0 32 32 -1 0)
(-1 0 0 0 32 32 -1 0)
(-1 0 0 0 32 32 -1 0)
(-1 0 0 0 32 32 -1 0)
(-1 0 0 0 32 32 -1 0)
(-1 0 0 0 32 32 -1 0)
(-1 0 0 0 32 32 -1 0)
(-1 0 0 0 32 32 -1 0)
(0 2 0 0 32 32 -1 0)
(0 0 0 0 32 32 -1 0)
(-1 0 0 0 32 32 -1 0)
(0 2 0 0 32 32 -1 0)
(-1 0 0 0 32 32 -1 0)
(-1 0 0 0 32 32 -1 0)
(-1 0 0 0 32 32 -1 0)
(-1 0 0 0 32 32 -1 0)
(-1 0 0 0 32 32 -1 0)
(-1 0 0 0 32 32 -1 0)
(-1 0 0 0 32 32 -1 0)
(-1 0 0 0 32 32 -1 0)
(-1 0 0 0 32 32 -1 0)
(-1 0 0 0 32 32 -1 0)
(-1 0 0 0 32 32 -1 0)
(-1 0 0 0 32 32 -1 0)
(-1 0 0 0 32 32 -1 0)
(-1 0 0 0 32 32 -1 0)
(-1 0 0 0 32 32 -1 0)
(-1 0 0 0 32 32 -1 0)
(-1 0 0 0 32 32 -1 0)
(-1 0 0 0 32 32 -1 0)
(0 2 0 0 32 32 -1 0)
(0 0 0 0 32 32 -1 0)
(0 2 0 0 32 32 -1 0)
(0 2 0 0 32 32 -1 0)
(0 1 0 0 32 32 -1 0)
(0 1 0 0 32 32 -1 0)
(-1 0 0 0 32 32 -1 0)
(-1 0 0 0 32 32 -1 0)
(-1 0 0 0 32 32 -1 0)
(-1 0 0 0 32 32 -1 0)
(-1 0 0 0 32 32 -1 0)
(-1 0 0 0 32 32 -1 0)
(-1 0 0 0 32 32 -1 0)
(-1 0 0 0 32 32 -1 0)
(-1 0 0 0 32 32 -1 0)
(-1 0 0 0 32 32 -1 0)
(-1 0 0 0 32 32 -1 0)
(-1 0 0 0 32 32 -1 0)
(-1 0 0 0 32 32 -1 0)
(-1 0 0 0 32 32 -1 0)
(-1 0 0 0 32 32 -1 0)
(-1 0 0 0 32 32 -1 0)
(0 2 0 0 32 32 -1 0)
(0 0 0 0 32 32 -1 0)
(-1 0 0 0 32 32 -1 0)
(0 2 0 0 32 32 -1 0)
(-1 0 0 0 32 32 -1 0)
(-1 0 0 0 32 32 -1 0)
(-1 0 0 0 32 32 -1 0)
(-1 0 0 0 32 32 -1 0)
(-1 0 0 0 32 32 -1 0)
(-1 0 0 0 32 32 -1 0)
(-1 0 0 0 32 32 -1 0)
(-1 0 0 0 32 32 -1 0)
(-1 0 0 0 32 32 -1 0)
(-1 0 0 0 32 32 -1 0)
(-1 0 0 0 32 32 -1 0)
(-1 0 0 0 32 32 -1 0)
(-1 0 0 0 32 32 -1 0)
(-1 0 0 0 32 32 -1 0)
(-1 0 0 0 32 32 -1 0)
(-1 0 0 0 32 32 -1 0)
(-1 0 0 0 32 32 -1 0)
(-1 0 0 0 32 32 -1 0)
(0 2 0 0 32 32 -1 0)
(0 0 0 0 32 32 -1 0)
(0 2 0 0 32 32 -1 0)
(0 2 0 0 32 32 -1 0)
(-1 0 0 0 32 32 -1 0)
(-1 0 0 0 32 32 -1 0)
(-1 0 0 0 32 32 -1 0)
(-1 0 0 0 32 32 -1 0)
(-1 0 0 0 32 32 -1 0)
(-1 0 0 0 32 32 -1 0)
(-1 0 0 0 32 32 -1 0)
(-1 0 0 0 32 32 -1 0)
(-1 0 0 0 32 32 -1 0)
(-1 0 0 0 32 32 -1 0)
(-1 0 0 0 32 32 -1 0)
(-1 0 0 0 32 32 -1 0)
(-1 0 0 0 32 32 -1 0)
(-1 0 0 0 32 32 -1 0)
(-1 0 0 0 32 32 -1 0)
(-1 0 0 0 32 32 -1 0)
(-1 0 0 0 32 32 -1 0)
(-1 0 0 0 32 32 -1 0)
(0 2 0 0 32 32 -1 0)
(0 0 0 0 32 32 -1 0)
(-1 0 0 0 32 32 -1 0)
(0 2 0 0 32 32 -1 0)
(-1 0 0 0 32 32 -1 0)
(-1 0 0 0 32 32 -1 0)
(-1 0 0 0 32 32 -1 0)
(-1 0 0 0 32 32 -1 0)
(-1 0 0 0 32 32 -1 0)
(-1 0 0 0 32 32 -1 0)
(-1 0 0 0 32 32 -1 0)
(-1 0 0 0 32 32 -1 0)
(-1 0 0 0 32 32 -1 0)
(-1 0 0 0 32 32 -1 0)
(-1 0 0 0 32 32 -1 0)
(-1 0 0 0 32 32 -1 0)
(-1 0 0 0 32 32 -1 0)
(-1 0 0 0 32 32 -1 0)
(-1 0 0 0 32 32 -1 0)
(-1 0 0 0 32 32 -1 0)
(-1 0 0 0 32 32 -1 0)
(-1 0 0 0 32 32 -1 0)
(0 2 0 0 32 32 -1 0)
(0 0 0 0 32 32 -1 0)
(0 2 0 0 32 32 -1 0)
(0 0 0 0 32 32 -1 0)
(0 1 0 0 32 32 -1 0)
(0 1 0 0 32 32 -1 0)
(0 1 0 0 32 32 -1 1)
(0 1 0 0 32 32 -1 0)
(0 1 0 0 32 32 -1 0)
(0 1 0 0 32 32 -1 0)
(0 1 0 0 32 32 -1 0)
(-1 0 0 0 32 32 -1 0)
(-1 0 0 0 32 32 -1 0)
(-1 0 0 0 32 32 -1 0)
(-1 0 0 0 32 32 -1 0)
(-1 0 0 0 32 32 -1 0)
(-1 0 0 0 32 32 -1 0)
(25 1 0 0 32 16 -1 0)
(25 1 0 0 32 16 -1 0)
(25 1 0 0 32 16 -1 0)
(26 4 0 0 32 32 -1 0)
(25 1 0 0 32 16 -1 0)
(0 2 0 0 32 32 -1 0)
(0 0 0 0 32 32 -1 0)
(-1 0 0 0 32 32 -1 0)
(0 2 0 0 32 32 -1 0)
(0 1 0 0 32 32 -1 0)
(0 1 0 0 32 32 -1 0)
(0 1 0 0 32 32 -1 0)
(0 1 0 0 32 32 -1 0)
(36 1 0 0 32 32 -1 0)
(-1 0 0 0 32 32 -1 0)
(-1 0 0 0 32 32 -1 0)
(-1 0 0 0 32 32 -1 0)
(-1 0 0 0 32 32 -1 0)
(-1 0 0 0 32 32 -1 0)
(-1 0 0 0 32 32 -1 0)
(-1 0 0 0 32 32 -1 0)
(-1 0 0 0 32 32 -1 0)
(-1 0 0 0 32 32 -1 0)
(-1 0 0 0 32 32 -1 0)
(-1 0 0 0 32 32 -1 0)
(7 3 0 0 32 32 -1 0)
(-1 0 0 0 32 32 -1 0)
(0 2 0 0 32 32 -1 0)
(0 0 0 0 32 32 -1 0)
(0 2 0 0 32 32 -1 0)
(0 2 0 0 32 32 -1 0)
(38 1 0 0 32 32 -1 0)
(0 1 0 0 32 32 -1 0)
(0 1 0 0 32 32 -1 0)
(-1 0 0 0 32 32 -1 0)
(-1 0 0 0 32 32 -1 0)
(-1 0 0 0 32 32 -1 0)
(-1 0 0 0 32 32 -1 0)
(-1 0 0 0 32 32 -1 0)
(-1 0 0 0 32 32 -1 0)
(-1 0 0 0 32 32 -1 0)
(-1 0 0 0 32 32 -1 0)
(-1 0 0 0 32 32 -1 0)
(-1 0 0 0 32 32 -1 0)
(-1 0 0 0 32 32 -1 0)
(-1 0 0 0 32 32 -1 0)
(-1 0 0 0 32 32 -1 0)
(7 3 0 0 32 32 -1 0)
(-1 0 0 0 32 32 -1 0)
(0 2 0 0 32 32 -1 0)
(0 0 0 0 32 32 -1 0)
(-1 0 0 0 32 32 -1 0)
(0 2 0 0 32 32 -1 0)
(0 1 0 0 32 32 -1 0)
(0 1 0 0 32 32 -1 0)
(-1 0 0 0 32 32 -1 0)
(-1 0 0 0 32 32 -1 0)
(-1 0 0 0 32 32 -1 0)
(-1 0 0 0 32 32 -1 0)
(-1 0 0 0 32 32 -1 0)
(-1 0 0 0 32 32 -1 0)
(-1 0 0 0 32 32 -1 0)
(-1 0 0 0 32 32 -1 0)
(-1 0 0 0 32 32 -1 0)
(-1 0 0 0 32 32 -1 0)
(-1 0 0 0 32 32 -1 0)
(-1 0 0 0 32 32 -1 0)
(-1 0 0 0 32 32 -1 0)
(-1 0 0 0 32 32 -1 0)
(7 3 0 0 32 32 -1 0)
(-1 0 0 0 32 32 -1 0)
(35 2 0 0 32 32 -1 0)
(0 0 0 0 32 32 -1 0)
(0 2 0 0 32 32 -1 0)
(0 2 0 0 32 32 -1 0)
(0 1 0 0 32 32 -1 0)
(-1 0 0 0 32 32 -1 0)
(-1 0 0 0 32 32 -1 0)
(-1 0 0 0 32 32 -1 0)
(-1 0 0 0 32 32 -1 0)
(-1 0 0 0 32 32 -1 0)
(-1 0 0 0 32 32 -1 0)
(-1 0 0 0 32 32 -1 0)
(-1 0 0 0 32 32 -1 0)
(-1 0 0 0 32 32 -1 0)
(-1 0 0 0 32 32 -1 0)
(-1 0 0 0 32 32 -1 0)
(-1 0 0 0 32 32 -1 0)
(-1 0 0 0 32 32 -1 0)
(-1 0 0 0 32 32 -1 0)
(-1 0 0 0 32 32 -1 0)
(7 3 0 0 32 32 -1 0)
(-1 0 0 0 32 32 -1 0)
(0 2 0 0 32 32 -1 0)
(0 0 0 0 32 32 -1 0)
(-1 0 0 0 32 32 -1 0)
(0 2 0 0 32 32 -1 0)
(-1 0 0 0 32 32 -1 0)
(-1 0 0 0 32 32 -1 0)
(-1 0 0 0 32 32 -1 0)
(-1 0 0 0 32 32 -1 0)
(-1 0 0 0 32 32 -1 0)
(-1 0 0 0 32 32 -1 0)
(-1 0 0 0 32 32 -1 0)
(-1 0 0 0 32 32 -1 0)
(-1 0 0 0 32 32 -1 0)
(-1 0 0 0 32 32 -1 0)
(-1 0 0 0 32 32 -1 0)
(-1 0 0 0 32 32 -1 0)
(-1 0 0 0 32 32 -1 0)
(-1 0 0 0 32 32 -1 0)
(-1 0 0 0 32 32 -1 0)
(-1 0 0 0 32 32 -1 0)
(7 3 0 0 32 32 -1 0)
(-1 0 0 0 32 32 -1 0)
(0 2 0 0 32 32 -1 0)
(0 0 0 0 32 32 -1 0)
(0 2 0 0 32 32 -1 0)
(0 2 0 0 32 32 -1 0)
(-1 0 0 0 32 32 -1 0)
(-1 0 0 0 32 32 -1 0)
(-1 0 0 0 32 32 -1 0)
(-1 0 0 0 32 32 -1 0)
(-1 0 0 0 32 32 -1 0)
(-1 0 0 0 32 32 -1 0)
(-1 0 0 0 32 32 -1 0)
(-1 0 0 0 32 32 -1 0)
(-1 0 0 0 32 32 -1 0)
(-1 0 0 0 32 32 -1 0)
(-1 0 0 0 32 32 -1 0)
(-1 0 0 0 32 32 -1 0)
(-1 0 0 0 32 32 -1 0)
(-1 0 0 0 32 32 -1 0)
(-1 0 0 0 32 32 -1 0)
(-1 0 0 0 32 32 -1 0)
(7 3 0 0 32 32 -1 0)
(-1 0 0 0 32 32 -1 0)
(0 1 0 0 32 32 -1 0)
(0 0 0 0 32 32 -1 0)
(-1 0 0 0 32 32 -1 0)
(0 2 0 0 32 32 -1 0)
(-1 0 0 0 32 32 -1 0)
(-1 0 0 0 32 32 -1 0)
(-1 0 0 0 32 32 -1 0)
(-1 0 0 0 32 32 -1 0)
(-1 0 0 0 32 32 -1 0)
(-1 0 0 0 32 32 -1 0)
(-1 0 0 0 32 32 -1 0)
(-1 0 0 0 32 32 -1 0)
(-1 0 0 0 32 32 -1 0)
(-1 0 0 0 32 32 -1 0)
(-1 0 0 0 32 32 -1 0)
(-1 0 0 0 32 32 -1 0)
(-1 0 0 0 32 32 -1 0)
(-1 0 0 0 32 32 -1 0)
(-1 0 0 0 32 32 -1 0)
(-1 0 0 0 32 32 -1 0)
(0 1 0 0 32 32 -1 0)
(0 2 0 0 32 32 -1 0)
(0 2 0 0 32 32 -1 0)
(0 0 0 0 32 32 -1 0)
(0 2 0 0 32 32 -1 0)
(38 2 0 0 32 32 -1 0)
(-1 0 0 0 32 32 -1 0)
(-1 0 0 0 32 32 -1 0)
(-1 0 0 0 32 32 -1 0)
(-1 0 0 0 32 32 -1 0)
(-1 0 0 0 32 32 -1 0)
(-1 0 0 0 32 32 -1 0)
(-1 0 0 0 32 32 -1 0)
(-1 0 0 0 32 32 -1 0)
(-1 0 0 0 32 32 -1 0)
(-1 0 0 0 32 32 -1 0)
(-1 0 0 0 32 32 -1 0)
(-1 0 0 0 32 32 -1 0)
(-1 0 0 0 32 32 -1 0)
(-1 0 0 0 32 32 -1 0)
(-1 0 0 0 32 32 -1 0)
(0 1 0 0 32 32 -1 0)
(0 1 0 0 32 32 -1 0)
(0 2 0 0 32 32 -1 0)
(37 2 0 0 32 32 -1 0)
(0 0 0 0 32 32 -1 0)
(-1 0 0 0 32 32 -1 0)
(0 2 0 0 32 32 -1 0)
(-1 0 0 0 32 32 -1 0)
(-1 0 0 0 32 32 -1 0)
(-1 0 0 0 32 32 -1 0)
(-1 0 0 0 32 32 -1 0)
(-1 0 0 0 32 32 -1 0)
(-1 0 0 0 32 32 -1 0)
(-1 0 0 0 32 32 -1 0)
(-1 0 0 0 32 32 -1 0)
(-1 0 0 0 32 32 -1 0)
(-1 0 0 0 32 32 -1 0)
(-1 0 0 0 32 32 -1 0)
(-1 0 0 0 32 32 -1 0)
(-1 0 0 0 32 32 -1 0)
(-1 0 0 0 32 32 -1 0)
(0 1 0 0 32 32 -1 0)
(0 1 0 0 32 32 -1 0)
(35 1 0 0 32 32 -1 0)
(0 2 0 0 32 32 -1 0)
(0 2 0 0 32 32 -1 0)
(0 0 0 0 32 32 -1 0)
(0 2 0 0 32 32 -1 0)
(0 2 0 0 32 32 -1 0)
(-1 0 0 0 32 32 -1 0)
(-1 0 0 0 32 32 -1 0)
(-1 0 0 0 32 32 -1 0)
(-1 0 0 0 32 32 -1 0)
(-1 0 0 0 32 32 -1 0)
(-1 0 0 0 32 32 -1 0)
(-1 0 0 0 32 32 -1 0)
(-1 0 0 0 32 32 -1 0)
(-1 0 0 0 32 32 -1 0)
(-1 0 0 0 32 32 -1 0)
(-1 0 0 0 32 32 -1 0)
(0 1 0 0 32 32 -1 0)
(0 1 0 0 32 32 -1 2)
(0 1 0 0 32 32 -1 0)
(0 1 0 0 32 32 -1 0)
(0 1 0 0 32 32 -1 0)
(0 2 0 0 32 32 -1 0)
(0 2 0 0 32 32 -1 0)
(0 2 0 0 32 32 -1 0)
(0 2 0 0 32 32 -1 0)
(-1 0 0 0 32 32 -1 0)
(0 2 0 0 32 32 -1 0)
(-1 0 0 0 32 32 -1 0)
(-1 0 0 0 32 32 -1 0)
(-1 0 0 0 32 32 -1 0)
(-1 0 0 0 32 32 -1 0)
(-1 0 0 0 32 32 -1 0)
(-1 0 0 0 32 32 -1 0)
(-1 0 0 0 32 32 -1 0)
(-1 0 0 0 32 32 -1 0)
(-1 0 0 0 32 32 -1 0)
(-1 0 0 0 32 32 -1 0)
(-1 0 0 0 32 32 -1 0)
(-1 0 0 0 32 32 -1 0)
(-1 0 0 0 32 32 -1 0)
(-1 0 0 0 32 32 -1 0)
(-1 0 0 0 32 32 -1 0)
(-1 0 0 0 32 32 -1 0)
(35 0 0 0 32 32 -1 0)
(33 0 0 0 32 32 -1 0)
(31 0 0 0 32 32 -1 0)
(31 0 0 0 32 32 14 0)
(0 2 0 0 32 32 -1 0)
(36 2 0 0 32 32 -1 0)
(-1 0 0 0 32 32 -1 0)
(-1 0 0 0 32 32 -1 0)
(-1 0 0 0 32 32 -1 0)
(-1 0 0 0 32 32 -1 0)
(-1 0 0 0 32 32 -1 0)
(-1 0 0 0 32 32 -1 0)
(-1 0 0 0 32 32 -1 0)
(-1 0 0 0 32 32 -1 0)
(-1 0 0 0 32 32 -1 0)
(-1 0 0 0 32 32 -1 0)
(-1 0 0 0 32 32 -1 0)
(-1 0 0 0 32 32 -1 0)
(-1 0 0 0 32 32 -1 0)
(-1 0 0 0 32 32 -1 0)
(-1 0 0 0 32 32 -1 0)
(-1 0 0 0 32 32 -1 0)
(38 0 0 0 32 32 -1 0)
(32 0 0 0 32 32 -1 0)
(31 0 0 0 32 32 -1 0)
(-1 0 0 0 32 32 14 0)
(-1 0 0 0 32 32 -1 0)
(0 2 0 0 32 32 -1 0)
(-1 0 0 0 32 32 -1 0)
(-1 0 0 0 32 32 -1 0)
(-1 0 0 0 32 32 -1 0)
(25 1 0 0 32 16 -1 0)
(25 0 0 0 32 16 -1 0)
(25 1 0 0 32 16 -1 5)
(25 1 0 0 32 16 -1 0)
(25 1 0 0 32 16 -1 0)
(-1 0 0 0 32 32 -1 0)
(-1 0 0 0 32 32 -1 0)
(-1 0 0 0 32 32 -1 0)
(-1 0 0 0 32 32 -1 0)
(-1 0 0 0 32 32 -1 0)
(-1 0 0 0 32 32 -1 0)
(-1 0 0 0 32 32 -1 0)
(-1 0 0 0 32 32 -1 0)
(35 0 0 0 32 32 -1 0)
(31 0 0 0 32 32 -1 0)
(31 0 0 0 32 32 -1 0)
(-1 0 0 0 32 32 14 0)
(0 2 0 0 32 32 -1 0)
(0 2 0 0 32 32 -1 0)
(-1 0 0 0 32 32 -1 0)
(-1 0 0 0 32 32 -1 0)
(-1 0 0 0 32 32 -1 0)
(-1 0 0 0 32 32 -1 0)
(-1 0 0 0 32 32 -1 0)
(-1 0 0 0 32 32 -1 0)
(-1 0 0 0 32 32 -1 0)
(-1 0 0 0 32 32 -1 0)
(-1 0 0 0 32 32 -1 0)
(-1 0 0 0 32 32 -1 0)
(-1 0 0 0 32 32 -1 0)
(-1 0 0 0 32 32 -1 0)
(-1 0 0 0 32 32 -1 0)
(-1 0 0 0 32 32 -1 0)
(-1 0 0 0 32 32 -1 0)
(-1 0 0 0 32 32 -1 0)
(38 0 0 0 32 32 -1 0)
(31 0 0 0 32 32 -1 0)
(32 0 0 0 32 32 -1 0)
(-1 0 0 0 32 32 14 0)
(-1 0 0 0 32 32 -1 0)
(0 2 0 0 32 32 -1 0)
(-1 0 0 0 32 32 -1 0)
(-1 0 0 0 32 32 -1 0)
(-1 0 0 0 32 32 -1 0)
(-1 0 0 0 32 32 -1 0)
(-1 0 0 0 32 32 -1 0)
(-1 0 0 0 32 32 -1 0)
(-1 0 0 0 32 32 -1 0)
(-1 0 0 0 32 32 -1 0)
(-1 0 0 0 32 32 -1 0)
(-1 0 0 0 32 32 -1 0)
(-1 0 0 0 32 32 -1 0)
(-1 0 0 0 32 32 -1 0)
(-1 0 0 0 32 32 -1 0)
(-1 0 0 0 32 32 -1 0)
(-1 0 0 0 32 32 -1 0)
(-1 0 0 0 32 32 -1 0)
(35 0 0 0 32 32 -1 0)
(32 0 0 0 32 32 -1 0)
(31 0 0 0 32 32 -1 0)
(-1 0 0 0 32 32 14 0)
(0 2 0 0 32 32 -1 0)
(0 2 0 0 32 32 -1 0)
(-1 0 0 0 32 32 -1 0)
(-1 0 0 0 32 32 -1 0)
(-1 0 0 0 32 32 -1 0)
(-1 0 0 0 32 32 -1 0)
(-1 0 0 0 32 32 -1 0)
(-1 0 0 0 32 32 -1 0)
(-1 0 0 0 32 32 -1 0)
(-1 0 0 0 32 32 -1 0)
(-1 0 0 0 32 32 -1 0)
(-1 0 0 0 32 32 -1 0)
(-1 0 0 0 32 32 -1 0)
(-1 0 0 0 32 32 -1 0)
(-1 0 0 0 32 32 -1 0)
(-1 0 0 0 32 32 -1 0)
(-1 0 0 0 32 32 -1 0)
(-1 0 0 0 32 32 -1 0)
(38 0 0 0 32 32 -1 0)
(31 0 0 0 32 32 -1 0)
(31 0 0 0 32 32 -1 0)
(-1 0 0 0 32 32 14 0)
(11 1 0 0 32 32 -1 0)
(11 1 0 0 32 32 -1 0)
(11 1 0 0 32 32 -1 0)
(11 1 0 0 32 32 -1 0)
(11 1 0 0 32 32 -1 0)
(11 1 0 0 32 32 -1 0)
(11 1 0 0 32 32 -1 0)
(11 1 0 0 32 32 -1 0)
(11 1 0 0 32 32 -1 0)
(11 1 0 0 32 32 -1 0)
(11 1 0 0 32 32 -1 0)
(11 1 0 0 32 32 -1 0)
(11 1 0 0 32 32 -1 0)
(11 1 0 0 32 32 -1 0)
(11 1 0 0 32 32 -1 0)
(11 1 0 0 32 32 -1 0)
(11 1 0 0 32 32 -1 0)
(11 1 0 0 32 32 -1 0)
(11 1 0 0 32 32 -1 0)
(11 1 0 0 32 32 -1 0)
(11 1 0 0 32 32 -1 0)
(11 1 0 0 32 32 -1 0)
(0 1 0 0 32 32 -1 0)
(0 0 0 0 32 32 -1 0)
(0 0 0 0 32 32 -1 0)
(0 0 0 0 32 32 -1 0)
(0 0 0 0 32 32 -1 0)
(0 0 0 0 32 32 -1 0)
(0 0 0 0 32 32 -1 0)
(0 0 0 0 32 32 -1 0)
(0 0 0 0 32 32 -1 0)
(0 0 0 0 32 32 -1 0)
(0 0 0 0 32 32 -1 0)
(0 0 0 0 32 32 -1 0)
(0 0 0 0 32 32 -1 0)
(0 0 0 0 32 32 -1 0)
(0 0 0 0 32 32 -1 0)
(0 0 0 0 32 32 -1 0)
(0 0 0 0 32 32 -1 0)
(0 0 0 0 32 32 -1 0)
(0 0 0 0 32 32 -1 0)
(0 0 0 0 32 32 -1 0)
(0 0 0 0 32 32 -1 0)
(0 0 0 0 32 32 -1 0)
