2
6
11
28
map0.txt 0 0 1
map1.txt 0 1 0
map2.txt 0 1 0
map3.txt 0 1 0
map4.txt 0 1 0
map5.txt 0 0 1
map6.txt 0 0 1
map7.txt 0 0 1
map8.txt 0 0 1
map9.txt 0 0 1
blank22x17.txt	0 0 1
blank22x17.txt	0 0 1
map12.txt 0 0 1	
blank22x17.txt	0 0 1
map14.txt	0 0 1
map15.txt	0 1 0
map16.txt	0 0 1
blank22x17.txt	0 0 1
blank22x17.txt	0 0 1
blank22x17.txt	0 0 1
blank22x17.txt	0 0 1
blank22x17.txt	0 0 1
map22.txt	0 0 1
map23.txt	0 0 1
map24.txt	0 0 1
blank22x17.txt	0 0 1
map26.txt 0 1 0
map27.txt 0 1 0
58
0 8 1 1 1 2		
0 41 12 21 1 1		
1 0 12 1 1 1		
1 21 42 1 31 1		
2 0 12 1 1 1		
2 5 16 1 1 0		
2 121 13 101 1 1	
3 0 28 1 16 1		
4 5 0 1 1 0		
5 5 16 1 1 0		
5 0 6 1 1 1	
27 61 5 41 1 1		
6 21 6 1 1 1	
6 21 59 1 46 1		
7 0 14 1 1 1	
7 41 4 21 1 1		
8 0 4 1 1 1		
8 7 31 1 16 0		
9 7 0 1 1 0		
9 61 14 41 1 1		
10 21 14 1 1 1		
10 21 44 1 31 1	
22 0 0 0 0 0		
26 0 5 1 1 1		
26 21 44 1 31 1	
12 0 14 1 1 1		
12 8 16 1 1 0		
12 61 13 41 1 1	
24 0 8 1 1 0		
29 0 0 0 0 0		
30 0 0 0 0 0		
14 0 13 1 1 1		
15 17 46 1 31 0		
15 17 46 1 31 0	
15 21 5 1 1 1		
16 0 14 1 1 1		
16 60 4 41 1 1		
23 0 5 1 1 1		
24 21 5 1 1 1	
22 10 0 1 1 0		
40 0 0 0 0 0		
41 0 0 0 0 0		
42 0 0 0 0 0		
43 0 0 0 0 0		
44 0 0 0 0 0		
45 0 0 0 0 0		
46 0 0 0 0 0		
47 0 0 0 0 0		
48 0 0 0 0 0		
49 0 0 0 0 0		
50 0 0 0 0 0		
51 0 0 0 0 0		
52 0 0 0 0 0		
53 0 0 0 0 0			
5 37 0 21 1 0		
5 41 13 21 1 1		
27 0 13 1 1 1
9 0 14 1 1 1
