texture.png 86 32 12 42 17
(0 1 0 0 32 32 -1 0)
(-1 0 0 0 32 32 -1 0)
(0 0 0 0 32 32 -1 0)
(-1 0 0 0 32 32 -1 0)
(-1 0 0 0 32 32 -1 0)
(0 0 0 0 32 32 -1 0)
(-1 0 0 0 32 32 -1 0)
(-1 0 0 0 32 32 -1 0)
(0 0 0 0 32 32 -1 0)
(-1 0 0 0 32 32 -1 0)
(0 0 0 0 32 32 -1 0)
(-1 0 0 0 32 32 -1 0)
(-1 0 0 0 32 32 -1 0)
(0 0 0 0 32 32 -1 0)
(-1 0 0 0 32 32 -1 0)
(-1 0 0 0 32 32 -1 0)
(0 0 0 0 32 32 -1 0)
(-1 0 0 0 32 32 -1 0)
(-1 0 0 0 32 32 -1 0)
(0 0 0 0 32 32 -1 0)
(0 0 0 0 32 32 -1 0)
(0 0 0 0 32 32 -1 0)
(0 0 0 0 32 32 -1 0)
(0 0 0 0 32 32 -1 0)
(0 0 0 0 32 32 -1 0)
(0 0 0 0 32 32 -1 0)
(0 0 0 0 32 32 -1 0)
(0 0 0 0 32 32 -1 0)
(0 0 0 0 32 32 -1 0)
(0 0 0 0 32 32 -1 0)
(0 0 0 0 32 32 -1 0)
(0 0 0 0 32 32 -1 0)
(0 0 0 0 32 32 -1 0)
(0 0 0 0 32 32 -1 0)
(0 0 0 0 32 32 -1 0)
(0 0 0 0 32 32 -1 0)
(0 0 0 0 32 32 -1 0)
(43 0 0 0 32 32 -1 0)
(43 0 0 0 32 32 -1 0)
(43 0 0 0 32 32 -1 0)
(43 1 0 0 32 32 -1 0)
(43 1 0 0 32 32 -1 0)
(0 1 0 0 32 32 -1 0)
(-1 0 0 0 32 32 -1 0)
(-1 0 0 0 32 32 -1 0)
(-1 0 0 0 32 32 -1 0)
(-1 0 0 0 32 32 -1 0)
(-1 0 0 0 32 32 -1 0)
(-1 0 0 0 32 32 -1 0)
(-1 0 0 0 32 32 -1 0)
(-1 0 0 0 32 32 -1 0)
(-1 0 0 0 32 32 -1 0)
(-1 0 0 0 32 32 -1 0)
(-1 0 0 0 32 32 -1 0)
(-1 0 0 0 32 32 -1 0)
(-1 0 0 0 32 32 -1 0)
(-1 0 0 0 32 32 -1 0)
(-1 0 0 0 32 32 -1 0)
(-1 0 0 0 32 32 -1 0)
(-1 0 0 0 32 32 -1 0)
(-1 0 0 0 32 32 -1 0)
(-1 0 0 0 32 32 -1 0)
(-1 0 0 0 32 32 -1 0)
(-1 0 0 0 32 32 -1 0)
(-1 0 0 0 32 32 -1 0)
(-1 0 0 0 32 32 -1 0)
(-1 0 0 0 32 32 -1 0)
(-1 0 0 0 32 32 -1 0)
(-1 0 0 0 32 32 -1 0)
(-1 0 0 0 32 32 -1 0)
(-1 0 0 0 32 32 -1 0)
(-1 0 0 0 32 32 -1 0)
(-1 0 0 0 32 32 -1 0)
(-1 0 0 0 32 32 -1 0)
(-1 0 0 0 32 32 -1 0)
(-1 0 0 0 32 32 -1 0)
(-1 0 0 0 32 32 -1 0)
(-1 0 0 0 32 32 -1 0)
(-1 0 0 0 32 32 -1 0)
(42 2 0 0 32 32 -1 0)
(43 1 0 0 32 32 -1 0)
(43 0 0 0 32 32 -1 0)
(43 0 0 0 32 32 -1 0)
(43 1 0 0 32 32 -1 0)
(0 1 0 0 32 32 -1 0)
(-1 0 0 0 32 32 -1 0)
(-1 0 0 0 32 32 -1 0)
(-1 0 0 0 32 32 -1 0)
(-1 0 0 0 32 32 -1 0)
(-1 0 0 0 32 32 -1 0)
(-1 0 0 0 32 32 -1 0)
(-1 0 0 0 32 32 -1 0)
(-1 0 0 0 32 32 -1 0)
(-1 0 0 0 32 32 -1 0)
(-1 0 0 0 32 32 -1 0)
(-1 0 0 0 32 32 -1 0)
(-1 0 0 0 32 32 -1 0)
(-1 0 0 0 32 32 -1 0)
(-1 0 0 0 32 32 -1 0)
(-1 0 0 0 32 32 -1 0)
(-1 0 0 0 32 32 -1 0)
(-1 0 0 0 32 32 -1 0)
(-1 0 0 0 32 32 -1 0)
(-1 0 0 0 32 32 -1 0)
(-1 0 0 0 32 32 -1 0)
(-1 0 0 0 32 32 -1 0)
(-1 0 0 0 32 32 -1 0)
(-1 0 0 0 32 32 -1 0)
(-1 0 0 0 32 32 -1 0)
(-1 0 0 0 32 32 -1 0)
(-1 0 0 0 32 32 -1 0)
(-1 0 0 0 32 32 -1 0)
(-1 0 0 0 32 32 -1 0)
(-1 0 0 0 32 32 -1 0)
(-1 0 0 0 32 32 -1 0)
(-1 0 0 0 32 32 -1 0)
(-1 0 0 0 32 32 -1 0)
(-1 0 0 0 32 32 -1 0)
(-1 0 0 0 32 32 -1 0)
(-1 0 0 0 32 32 -1 0)
(-1 0 0 0 32 32 -1 0)
(42 1 0 0 32 32 -1 0)
(43 1 0 0 32 32 -1 0)
(43 0 0 0 32 32 -1 0)
(43 0 0 0 32 32 -1 0)
(43 1 0 0 32 32 -1 0)
(0 1 0 0 32 32 -1 0)
(-1 0 0 0 32 32 -1 0)
(-1 0 0 0 32 32 -1 0)
(-1 0 0 0 32 32 -1 0)
(-1 0 0 0 32 32 -1 0)
(-1 0 0 0 32 32 -1 0)
(-1 0 0 0 32 32 -1 0)
(-1 0 0 0 32 32 -1 0)
(-1 0 0 0 32 32 -1 0)
(-1 0 0 0 32 32 -1 0)
(-1 0 0 0 32 32 -1 0)
(-1 0 0 0 32 32 -1 0)
(-1 0 0 0 32 32 -1 0)
(-1 0 0 0 32 32 -1 0)
(-1 0 0 0 32 32 -1 0)
(-1 0 0 0 32 32 -1 0)
(-1 0 0 0 32 32 -1 0)
(-1 0 0 0 32 32 -1 0)
(-1 0 0 0 32 32 -1 0)
(-1 0 0 0 32 32 -1 0)
(-1 0 0 0 32 32 -1 0)
(-1 0 0 0 32 32 -1 0)
(-1 0 0 0 32 32 -1 0)
(-1 0 0 0 32 32 -1 0)
(-1 0 0 0 32 32 -1 0)
(-1 0 0 0 32 32 -1 0)
(-1 0 0 0 32 32 -1 0)
(-1 0 0 0 32 32 -1 0)
(-1 0 0 0 32 32 -1 0)
(-1 0 0 0 32 32 -1 0)
(-1 0 0 0 32 32 -1 0)
(-1 0 0 0 32 32 -1 0)
(-1 0 0 0 32 32 -1 0)
(-1 0 0 0 32 32 -1 0)
(-1 0 0 0 32 32 -1 0)
(-1 0 0 0 32 32 -1 0)
(-1 0 0 0 32 32 -1 0)
(42 1 0 0 32 32 -1 0)
(43 1 0 0 32 32 -1 0)
(43 0 0 0 32 32 -1 0)
(43 0 0 0 32 32 -1 0)
(43 1 0 0 32 32 -1 0)
(0 1 0 0 32 32 -1 0)
(-1 0 0 0 32 32 -1 0)
(-1 0 0 0 32 32 -1 0)
(-1 0 0 0 32 32 -1 0)
(-1 0 0 0 32 32 -1 0)
(-1 0 0 0 32 32 -1 0)
(-1 0 0 0 32 32 -1 0)
(-1 0 0 0 32 32 -1 0)
(-1 0 0 0 32 32 -1 0)
(-1 0 0 0 32 32 -1 0)
(-1 0 0 0 32 32 -1 0)
(-1 0 0 0 32 32 -1 0)
(-1 0 0 0 32 32 -1 0)
(-1 0 0 0 32 32 -1 0)
(-1 0 0 0 32 32 -1 0)
(-1 0 0 0 32 32 -1 0)
(-1 0 0 0 32 32 -1 0)
(-1 0 0 0 32 32 -1 0)
(-1 0 0 0 32 32 -1 0)
(-1 0 0 0 32 32 -1 0)
(-1 0 0 0 32 32 -1 0)
(-1 0 0 0 32 32 -1 0)
(-1 0 0 0 32 32 -1 0)
(-1 0 0 0 32 32 -1 0)
(-1 0 0 0 32 32 -1 0)
(-1 0 0 0 32 32 -1 0)
(-1 0 0 0 32 32 -1 0)
(-1 0 0 0 32 32 -1 0)
(-1 0 0 0 32 32 -1 0)
(-1 0 0 0 32 32 -1 0)
(-1 0 0 0 32 32 -1 0)
(-1 0 0 0 32 32 -1 0)
(-1 0 0 0 32 32 -1 0)
(-1 0 0 0 32 32 -1 0)
(-1 0 0 0 32 32 -1 0)
(-1 0 0 0 32 32 -1 0)
(-1 0 0 0 32 32 -1 0)
(42 1 0 0 32 32 -1 0)
(43 1 0 0 32 32 -1 0)
(43 0 0 0 32 32 -1 0)
(43 0 0 0 32 32 -1 0)
(43 1 0 0 32 32 -1 0)
(0 1 0 0 32 32 -1 0)
(-1 0 0 0 32 32 -1 0)
(-1 0 0 0 32 32 -1 0)
(-1 0 0 0 32 32 -1 0)
(-1 0 0 0 32 32 -1 0)
(-1 0 0 0 32 32 -1 0)
(-1 0 0 0 32 32 -1 0)
(-1 0 0 0 32 32 -1 0)
(-1 0 0 0 32 32 -1 0)
(-1 0 0 0 32 32 -1 0)
(-1 0 0 0 32 32 -1 0)
(-1 0 0 0 32 32 -1 0)
(-1 0 0 0 32 32 -1 0)
(-1 0 0 0 32 32 -1 0)
(-1 0 0 0 32 32 -1 0)
(-1 0 0 0 32 32 -1 0)
(-1 0 0 0 32 32 -1 0)
(-1 0 0 0 32 32 -1 0)
(-1 0 0 0 32 32 -1 0)
(-1 0 0 0 32 32 -1 0)
(-1 0 0 0 32 32 -1 0)
(-1 0 0 0 32 32 -1 0)
(-1 0 0 0 32 32 -1 0)
(-1 0 0 0 32 32 -1 0)
(-1 0 0 0 32 32 -1 0)
(-1 0 0 0 32 32 -1 0)
(-1 0 0 0 32 32 -1 0)
(-1 0 0 0 32 32 -1 0)
(-1 0 0 0 32 32 -1 0)
(-1 0 0 0 32 32 -1 0)
(-1 0 0 0 32 32 -1 0)
(-1 0 0 0 32 32 -1 0)
(-1 0 0 0 32 32 -1 0)
(-1 0 0 0 32 32 -1 0)
(-1 0 0 0 32 32 -1 0)
(-1 0 0 0 32 32 -1 0)
(-1 0 0 0 32 32 -1 0)
(42 1 0 0 32 32 -1 0)
(43 1 0 0 32 32 -1 0)
(43 0 0 0 32 32 -1 0)
(43 0 0 0 32 32 -1 0)
(43 1 0 0 32 32 -1 0)
(0 1 0 0 32 32 -1 0)
(-1 0 0 0 32 32 -1 0)
(-1 0 0 0 32 32 -1 0)
(-1 0 0 0 32 32 -1 0)
(-1 0 0 0 32 32 -1 0)
(-1 0 0 0 32 32 -1 0)
(-1 0 0 0 32 32 -1 0)
(-1 0 0 0 32 32 -1 0)
(-1 0 0 0 32 32 -1 0)
(-1 0 0 0 32 32 -1 0)
(-1 0 0 0 32 32 -1 0)
(-1 0 0 0 32 32 -1 0)
(-1 0 0 0 32 32 -1 0)
(-1 0 0 0 32 32 -1 0)
(-1 0 0 0 32 32 -1 0)
(-1 0 0 0 32 32 -1 0)
(-1 0 0 0 32 32 -1 0)
(-1 0 0 0 32 32 -1 0)
(-1 0 0 0 32 32 -1 0)
(-1 0 0 0 32 32 -1 0)
(-1 0 0 0 32 32 -1 0)
(-1 0 0 0 32 32 -1 0)
(-1 0 0 0 32 32 -1 0)
(-1 0 0 0 32 32 -1 0)
(-1 0 0 0 32 32 -1 0)
(-1 0 0 0 32 32 -1 0)
(-1 0 0 0 32 32 -1 0)
(-1 0 0 0 32 32 -1 0)
(-1 0 0 0 32 32 -1 0)
(-1 0 0 0 32 32 -1 0)
(-1 0 0 0 32 32 -1 4)
(-1 0 0 0 32 32 -1 0)
(-1 0 0 0 32 32 -1 0)
(-1 0 0 0 32 32 -1 0)
(-1 0 0 0 32 32 -1 0)
(-1 0 0 0 32 32 -1 0)
(-1 0 0 0 32 32 -1 0)
(42 1 0 0 32 32 -1 0)
(43 1 0 0 32 32 -1 0)
(43 0 0 0 32 32 -1 0)
(43 0 0 0 32 32 -1 0)
(43 1 0 0 32 32 -1 0)
(0 1 0 0 32 32 -1 0)
(-1 0 0 0 32 32 -1 0)
(-1 0 0 0 32 32 -1 0)
(-1 0 0 0 32 32 -1 0)
(-1 0 0 0 32 32 -1 0)
(-1 0 0 0 32 32 -1 0)
(-1 0 0 0 32 32 -1 0)
(-1 0 0 0 32 32 -1 0)
(-1 0 0 0 32 32 -1 0)
(-1 0 0 0 32 32 -1 0)
(-1 0 0 0 32 32 -1 0)
(-1 0 0 0 32 32 -1 0)
(-1 0 0 0 32 32 -1 0)
(-1 0 0 0 32 32 -1 0)
(-1 0 0 0 32 32 -1 0)
(-1 0 0 0 32 32 -1 0)
(-1 0 0 0 32 32 -1 0)
(-1 0 0 0 32 32 -1 0)
(-1 0 0 0 32 32 -1 0)
(-1 0 0 0 32 32 -1 0)
(-1 0 0 0 32 32 -1 0)
(-1 0 0 0 32 32 -1 0)
(-1 0 0 0 32 32 -1 0)
(-1 0 0 0 32 32 -1 0)
(-1 0 0 0 32 32 -1 0)
(-1 0 0 0 32 32 -1 0)
(-1 0 0 0 32 32 -1 0)
(-1 0 0 0 32 32 -1 0)
(-1 0 0 0 32 32 -1 0)
(-1 0 0 0 32 32 -1 0)
(-1 0 0 0 32 32 -1 0)
(-1 0 0 0 32 32 -1 0)
(-1 0 0 0 32 32 -1 0)
(-1 0 0 0 32 32 -1 0)
(-1 0 0 0 32 32 -1 0)
(-1 0 0 0 32 32 -1 0)
(-1 0 0 0 32 32 -1 0)
(42 1 0 0 32 32 -1 0)
(43 1 0 0 32 32 -1 0)
(43 0 0 0 32 32 -1 0)
(43 0 0 0 32 32 -1 0)
(43 2 0 0 32 32 -1 0)
(0 1 0 0 32 32 -1 0)
(-1 0 0 0 32 32 -1 0)
(-1 0 0 0 32 32 -1 0)
(-1 0 0 0 32 32 -1 0)
(-1 0 0 0 32 32 -1 0)
(-1 0 0 0 32 32 -1 0)
(-1 0 0 0 32 32 -1 0)
(-1 0 0 0 32 32 -1 0)
(-1 0 0 0 32 32 -1 0)
(-1 0 0 0 32 32 -1 0)
(-1 0 0 0 32 32 -1 0)
(-1 0 0 0 32 32 -1 0)
(-1 0 0 0 32 32 -1 0)
(-1 0 0 0 32 32 -1 0)
(-1 0 0 0 32 32 -1 0)
(-1 0 0 0 32 32 -1 0)
(-1 0 0 0 32 32 -1 0)
(-1 0 0 0 32 32 -1 0)
(-1 0 0 0 32 32 -1 0)
(-1 0 0 0 32 32 -1 0)
(-1 0 0 0 32 32 -1 0)
(-1 0 0 0 32 32 -1 0)
(-1 0 0 0 32 32 -1 0)
(-1 0 0 0 32 32 -1 0)
(-1 0 0 0 32 32 -1 0)
(-1 0 0 0 32 32 -1 0)
(-1 0 0 0 32 32 -1 0)
(-1 0 0 0 32 32 -1 0)
(-1 0 0 0 32 32 -1 0)
(-1 0 0 0 32 32 -1 0)
(-1 0 0 0 32 32 -1 0)
(-1 0 0 0 32 32 -1 0)
(-1 0 0 0 32 32 -1 0)
(-1 0 0 0 32 32 -1 0)
(-1 0 0 0 32 32 -1 0)
(-1 0 0 0 32 32 -1 0)
(-1 0 0 0 32 32 -1 0)
(42 1 0 0 32 32 -1 0)
(43 1 0 0 32 32 -1 0)
(43 1 0 0 32 32 -1 0)
(43 1 0 0 32 32 -1 0)
(43 1 0 0 32 32 -1 0)
(0 1 0 0 32 32 -1 0)
(-1 0 0 0 32 32 -1 0)
(-1 0 0 0 32 32 -1 0)
(-1 0 0 0 32 32 -1 0)
(-1 0 0 0 32 32 -1 0)
(-1 0 0 0 32 32 -1 0)
(-1 0 0 0 32 32 -1 0)
(-1 0 0 0 32 32 -1 0)
(-1 0 0 0 32 32 -1 0)
(-1 0 0 0 32 32 -1 0)
(-1 0 0 0 32 32 -1 0)
(-1 0 0 0 32 32 -1 0)
(-1 0 0 0 32 32 -1 0)
(-1 0 0 0 32 32 -1 0)
(-1 0 0 0 32 32 -1 0)
(-1 0 0 0 32 32 -1 0)
(-1 0 0 0 32 32 -1 0)
(-1 0 0 0 32 32 -1 0)
(-1 0 0 0 32 32 -1 0)
(-1 0 0 0 32 32 -1 0)
(-1 0 0 0 32 32 -1 0)
(-1 0 0 0 32 32 -1 0)
(-1 0 0 0 32 32 -1 0)
(-1 0 0 0 32 32 -1 0)
(-1 0 0 0 32 32 -1 0)
(-1 0 0 0 32 32 -1 0)
(-1 0 0 0 32 32 -1 0)
(-1 0 0 0 32 32 -1 0)
(-1 0 0 0 32 32 -1 0)
(-1 0 0 0 32 32 -1 0)
(-1 0 0 0 32 32 -1 0)
(-1 0 0 0 32 32 -1 0)
(-1 0 0 0 32 32 -1 0)
(-1 0 0 0 32 32 -1 0)
(-1 0 0 0 32 32 -1 0)
(-1 0 0 0 32 32 -1 0)
(-1 0 0 0 32 32 -1 0)
(45 1 0 0 32 32 -1 0)
(46 2 0 0 32 32 -1 0)
(46 1 0 0 32 32 -1 0)
(46 2 0 0 32 32 -1 0)
(46 1 0 0 32 32 -1 0)
(0 1 0 0 32 32 -1 0)
(-1 0 0 0 32 32 -1 0)
(-1 0 0 0 32 32 -1 0)
(-1 0 0 0 32 32 -1 0)
(-1 0 0 0 32 32 -1 0)
(-1 0 0 0 32 32 -1 0)
(-1 0 0 0 32 32 -1 0)
(-1 0 0 0 32 32 -1 0)
(-1 0 0 0 32 32 -1 0)
(-1 0 0 0 32 32 -1 0)
(-1 0 0 0 32 32 -1 0)
(-1 0 0 0 32 32 -1 0)
(-1 0 0 0 32 32 -1 0)
(-1 0 0 0 32 32 -1 0)
(-1 0 0 0 32 32 -1 0)
(-1 0 0 0 32 32 -1 0)
(-1 0 0 0 32 32 -1 0)
(-1 0 0 0 32 32 -1 0)
(-1 0 0 0 32 32 -1 0)
(-1 0 0 0 32 32 -1 0)
(-1 0 0 0 32 32 -1 0)
(-1 0 0 0 32 32 -1 0)
(-1 0 0 0 32 32 -1 0)
(-1 0 0 0 32 32 -1 0)
(-1 0 0 0 32 32 -1 0)
(-1 0 0 0 32 32 -1 0)
(-1 0 0 0 32 32 -1 0)
(-1 0 0 0 32 32 -1 0)
(-1 0 0 0 32 32 -1 0)
(-1 0 0 0 32 32 -1 0)
(-1 0 0 0 32 32 -1 0)
(-1 0 0 0 32 32 -1 0)
(-1 0 0 0 32 32 -1 0)
(-1 0 0 0 32 32 -1 0)
(-1 0 0 0 32 32 -1 0)
(-1 0 0 0 32 32 -1 0)
(-1 0 0 0 32 32 -1 0)
(-1 0 0 0 32 32 -1 0)
(-1 0 0 0 32 32 -1 0)
(57 0 0 0 32 32 -1 0)
(53 0 0 0 32 32 -1 0)
(0 0 0 0 32 32 2 0)
(0 1 0 0 32 32 -1 0)
(-1 0 0 0 32 32 -1 0)
(-1 0 0 0 32 32 -1 0)
(-1 0 0 0 32 32 -1 0)
(-1 0 0 0 32 32 -1 0)
(-1 0 0 0 32 32 -1 0)
(-1 0 0 0 32 32 -1 0)
(-1 0 0 0 32 32 -1 0)
(-1 0 0 0 32 32 -1 0)
(-1 0 0 0 32 32 -1 0)
(-1 0 0 0 32 32 -1 0)
(-1 0 0 0 32 32 -1 0)
(-1 0 0 0 32 32 -1 0)
(-1 0 0 0 32 32 -1 0)
(-1 0 0 0 32 32 -1 0)
(-1 0 0 0 32 32 -1 0)
(-1 0 0 0 32 32 -1 0)
(-1 0 0 0 32 32 -1 0)
(-1 0 0 0 32 32 -1 0)
(-1 0 0 0 32 32 -1 0)
(-1 0 0 0 32 32 -1 0)
(-1 0 0 0 32 32 -1 0)
(-1 0 0 0 32 32 -1 0)
(-1 0 0 0 32 32 -1 0)
(-1 0 0 0 32 32 -1 0)
(-1 0 0 0 32 32 -1 0)
(-1 0 0 0 32 32 -1 0)
(-1 0 0 0 32 32 -1 0)
(-1 0 0 0 32 32 -1 0)
(-1 0 0 0 32 32 -1 0)
(-1 0 0 0 32 32 -1 0)
(-1 0 0 0 32 32 -1 0)
(-1 0 0 0 32 32 -1 0)
(-1 0 0 0 32 32 -1 0)
(-1 0 0 0 32 32 -1 0)
(-1 0 0 0 32 32 -1 0)
(-1 0 0 0 32 32 -1 0)
(-1 0 0 0 32 32 -1 0)
(-1 0 0 0 32 32 -1 0)
(60 0 0 0 32 32 -1 0)
(54 0 0 0 32 32 -1 0)
(0 0 0 0 32 32 2 0)
(0 1 0 0 32 32 -1 0)
(-1 0 0 0 32 32 -1 0)
(-1 0 0 0 32 32 -1 0)
(-1 0 0 0 32 32 -1 0)
(-1 0 0 0 32 32 -1 0)
(-1 0 0 0 32 32 -1 0)
(-1 0 0 0 32 32 -1 0)
(-1 0 0 0 32 32 -1 0)
(-1 0 0 0 32 32 -1 0)
(-1 0 0 0 32 32 -1 0)
(-1 0 0 0 32 32 -1 0)
(-1 0 0 0 32 32 -1 0)
(-1 0 0 0 32 32 -1 0)
(-1 0 0 0 32 32 -1 0)
(-1 0 0 0 32 32 -1 0)
(-1 0 0 0 32 32 -1 0)
(-1 0 0 0 32 32 -1 0)
(-1 0 0 0 32 32 -1 0)
(-1 0 0 0 32 32 -1 0)
(-1 0 0 0 32 32 -1 0)
(-1 0 0 0 32 32 -1 0)
(-1 0 0 0 32 32 -1 0)
(-1 0 0 0 32 32 -1 0)
(-1 0 0 0 32 32 -1 0)
(-1 0 0 0 32 32 -1 0)
(-1 0 0 0 32 32 -1 0)
(-1 0 0 0 32 32 -1 0)
(-1 0 0 0 32 32 -1 0)
(-1 0 0 0 32 32 -1 0)
(-1 0 0 0 32 32 -1 0)
(-1 0 0 0 32 32 -1 0)
(-1 0 0 0 32 32 -1 0)
(-1 0 0 0 32 32 -1 0)
(-1 0 0 0 32 32 -1 0)
(-1 0 0 0 32 32 -1 0)
(-1 0 0 0 32 32 -1 0)
(-1 0 0 0 32 32 -1 0)
(-1 0 0 0 32 32 -1 0)
(-1 0 0 0 32 32 -1 0)
(57 0 0 0 32 32 -1 0)
(52 0 0 0 32 32 -1 0)
(0 0 0 0 32 32 2 0)
(0 1 0 0 32 32 -1 0)
(40 1 0 0 32 32 -1 0)
(40 1 0 0 32 32 -1 0)
(40 1 0 0 32 32 -1 0)
(40 1 0 0 32 32 -1 0)
(40 1 0 0 32 32 -1 0)
(40 1 0 0 32 32 -1 0)
(40 1 0 0 32 32 -1 0)
(40 1 0 0 32 32 -1 0)
(40 1 0 0 32 32 -1 0)
(40 1 0 0 32 32 -1 0)
(40 1 0 0 32 32 -1 0)
(40 1 0 0 32 32 -1 0)
(40 1 0 0 32 32 -1 0)
(40 1 0 0 32 32 -1 0)
(40 1 0 0 32 32 -1 0)
(40 1 0 0 32 32 -1 0)
(40 1 0 0 32 32 -1 0)
(40 1 0 0 32 32 -1 0)
(40 1 0 0 32 32 -1 0)
(40 1 0 0 32 32 -1 0)
(40 1 0 0 32 32 -1 0)
(40 1 0 0 32 32 -1 0)
(40 1 0 0 32 32 -1 0)
(40 1 0 0 32 32 -1 2)
(41 1 0 0 32 32 -1 0)
(-1 0 0 0 32 32 -1 0)
(-1 0 0 0 32 32 -1 0)
(-1 0 0 0 32 32 -1 0)
(-1 0 0 0 32 32 -1 0)
(-1 0 0 0 32 32 -1 0)
(-1 0 0 0 32 32 -1 0)
(-1 0 0 0 32 32 -1 0)
(-1 0 0 0 32 32 -1 0)
(-1 0 0 0 32 32 -1 0)
(-1 0 0 0 32 32 -1 0)
(-1 0 0 0 32 32 -1 0)
(-1 0 0 0 32 32 -1 0)
(-1 0 0 0 32 32 -1 0)
(60 0 0 0 32 32 -1 0)
(53 0 0 0 32 32 -1 0)
(0 0 0 0 32 32 2 0)
(0 1 0 0 32 32 -1 0)
(43 0 0 0 32 32 -1 0)
(43 1 0 0 32 32 -1 0)
(43 1 0 0 32 32 -1 0)
(43 1 0 0 32 32 -1 0)
(43 1 0 0 32 32 -1 0)
(43 1 0 0 32 32 -1 0)
(43 1 0 0 32 32 -1 0)
(43 1 0 0 32 32 -1 0)
(43 1 0 0 32 32 -1 0)
(43 1 0 0 32 32 -1 0)
(43 1 0 0 32 32 -1 0)
(43 1 0 0 32 32 -1 0)
(43 1 0 0 32 32 -1 0)
(43 1 0 0 32 32 -1 0)
(43 1 0 0 32 32 -1 0)
(43 1 0 0 32 32 -1 0)
(43 1 0 0 32 32 -1 0)
(43 1 0 0 32 32 -1 0)
(43 1 0 0 32 32 -1 0)
(43 1 0 0 32 32 -1 0)
(43 1 0 0 32 32 -1 0)
(43 1 0 0 32 32 -1 0)
(43 1 0 0 32 32 -1 0)
(43 1 0 0 32 32 -1 0)
(43 1 0 0 32 32 -1 0)
(40 1 0 0 32 32 -1 0)
(40 1 0 0 32 32 -1 0)
(40 1 0 0 32 32 -1 0)
(40 1 0 0 32 32 -1 0)
(40 1 0 0 32 32 -1 0)
(40 1 0 0 32 32 -1 0)
(40 1 0 0 32 32 -1 0)
(40 1 0 0 32 32 -1 0)
(40 1 0 0 32 32 -1 5)
(40 1 0 0 32 32 -1 0)
(40 1 0 0 32 32 -1 0)
(40 1 0 0 32 32 -1 0)
(40 1 0 0 32 32 -1 0)
(40 1 0 0 32 32 -1 0)
(40 1 0 0 32 32 -1 0)
(40 1 0 0 32 32 -1 0)
(0 1 0 0 32 32 -1 0)
(43 0 0 0 32 32 -1 0)
(43 0 0 0 32 32 -1 0)
(43 0 0 0 32 32 -1 0)
(43 0 0 0 32 32 -1 0)
(43 0 0 0 32 32 -1 0)
(43 0 0 0 32 32 -1 0)
(43 0 0 0 32 32 -1 0)
(43 0 0 0 32 32 -1 0)
(43 0 0 0 32 32 -1 0)
(43 0 0 0 32 32 -1 0)
(43 0 0 0 32 32 -1 0)
(43 0 0 0 32 32 -1 0)
(43 0 0 0 32 32 -1 0)
(43 0 0 0 32 32 -1 0)
(43 0 0 0 32 32 -1 0)
(43 0 0 0 32 32 -1 0)
(43 0 0 0 32 32 -1 0)
(43 0 0 0 32 32 -1 0)
(43 0 0 0 32 32 -1 0)
(43 0 0 0 32 32 -1 0)
(43 0 0 0 32 32 -1 0)
(43 0 0 0 32 32 -1 0)
(43 0 0 0 32 32 -1 0)
(43 0 0 0 32 32 -1 0)
(43 0 0 0 32 32 -1 0)
(43 1 0 0 32 32 -1 0)
(43 1 0 0 32 32 -1 0)
(43 1 0 0 32 32 -1 0)
(43 1 0 0 32 32 -1 0)
(43 1 0 0 32 32 -1 0)
(43 1 0 0 32 32 -1 0)
(43 1 0 0 32 32 -1 0)
(43 1 0 0 32 32 -1 0)
(43 1 0 0 32 32 -1 0)
(43 1 0 0 32 32 -1 0)
(43 1 0 0 32 32 -1 0)
(43 1 0 0 32 32 -1 0)
(43 1 0 0 32 32 -1 0)
(43 1 0 0 32 32 -1 0)
(43 1 0 0 32 32 -1 0)
(43 1 0 0 32 32 -1 0)
(0 1 0 0 32 32 -1 0)
(0 0 0 0 32 32 -1 0)
(0 0 0 0 32 32 -1 0)
(0 0 0 0 32 32 -1 0)
(0 0 0 0 32 32 -1 0)
(0 0 0 0 32 32 -1 0)
(0 0 0 0 32 32 -1 0)
(0 0 0 0 32 32 -1 0)
(0 0 0 0 32 32 -1 0)
(0 0 0 0 32 32 -1 0)
(0 0 0 0 32 32 -1 0)
(0 0 0 0 32 32 -1 0)
(0 0 0 0 32 32 -1 0)
(0 0 0 0 32 32 -1 0)
(0 0 0 0 32 32 -1 0)
(0 0 0 0 32 32 -1 0)
(0 0 0 0 32 32 -1 0)
(0 0 0 0 32 32 -1 0)
(0 0 0 0 32 32 -1 0)
(0 0 0 0 32 32 -1 0)
(0 0 0 0 32 32 -1 0)
(0 0 0 0 32 32 -1 0)
(0 0 0 0 32 32 -1 0)
(0 0 0 0 32 32 -1 0)
(0 0 0 0 32 32 -1 0)
(-1 0 0 0 32 32 -1 0)
(0 0 0 0 32 32 -1 0)
(0 0 0 0 32 32 -1 0)
(-1 0 0 0 32 32 -1 0)
(0 0 0 0 32 32 -1 0)
(0 0 0 0 32 32 -1 0)
(0 0 0 0 32 32 -1 0)
(0 0 0 0 32 32 -1 0)
(0 0 0 0 32 32 -1 0)
(0 0 0 0 32 32 -1 0)
(0 0 0 0 32 32 -1 0)
(0 0 0 0 32 32 -1 0)
(0 0 0 0 32 32 -1 0)
(0 0 0 0 32 32 -1 0)
(0 0 0 0 32 32 -1 0)
(0 0 0 0 32 32 -1 0)
(0 0 0 0 32 32 -1 0)
