texture.png 86 32 12 22 47
(0 1 0 0 32 32 -1 0)
(0 0 0 0 32 32 -1 0)
(0 0 0 0 32 32 -1 0)
(0 0 0 0 32 32 -1 0)
(0 0 0 0 32 32 -1 0)
(0 0 0 0 32 32 -1 0)
(0 0 0 0 32 32 -1 0)
(0 0 0 0 32 32 -1 0)
(0 0 0 0 32 32 -1 0)
(0 0 0 0 32 32 -1 0)
(0 0 0 0 32 32 -1 0)
(0 0 0 0 32 32 -1 0)
(0 0 0 0 32 32 -1 0)
(0 0 0 0 32 32 -1 0)
(0 0 0 0 32 32 -1 0)
(0 0 0 0 32 32 -1 0)
(0 0 0 0 32 32 -1 0)
(0 0 0 0 32 32 -1 0)
(0 0 0 0 32 32 -1 0)
(0 0 0 0 32 32 -1 0)
(0 0 0 0 32 32 -1 0)
(0 0 0 0 32 32 -1 0)
(0 2 0 0 32 32 -1 0)
(0 1 0 0 32 32 -1 0)
(0 1 0 0 32 32 -1 0)
(0 1 0 0 32 32 -1 0)
(0 1 0 0 32 32 -1 0)
(0 1 0 0 32 32 -1 0)
(0 1 0 0 32 32 -1 0)
(0 1 0 0 32 32 -1 0)
(0 1 0 0 32 32 -1 0)
(0 1 0 0 32 32 -1 0)
(0 1 0 0 32 32 -1 0)
(0 1 0 0 32 32 -1 0)
(0 1 0 0 32 32 -1 0)
(0 1 0 0 32 32 -1 0)
(0 1 0 0 32 32 -1 0)
(0 1 0 0 32 32 -1 0)
(0 1 0 0 32 32 -1 0)
(0 1 0 0 32 32 -1 0)
(0 1 0 0 32 32 -1 0)
(0 1 0 0 32 32 -1 0)
(0 1 0 0 32 32 -1 0)
(0 1 0 0 32 32 -1 0)
(-1 0 0 0 32 32 11 0)
(-1 0 0 0 32 32 -1 0)
(-1 0 0 0 32 32 -1 0)
(-1 0 0 0 32 32 -1 0)
(-1 0 0 0 32 32 -1 0)
(-1 0 0 0 32 32 -1 0)
(-1 0 0 0 32 32 -1 0)
(-1 0 0 0 32 32 -1 0)
(-1 0 0 0 32 32 -1 0)
(-1 0 0 0 32 32 -1 0)
(-1 0 0 0 32 32 -1 0)
(-1 0 0 0 32 32 -1 0)
(-1 0 0 0 32 32 -1 0)
(-1 0 0 0 32 32 -1 0)
(-1 0 0 0 32 32 -1 0)
(-1 0 0 0 32 32 -1 0)
(-1 0 0 0 32 32 -1 0)
(-1 0 0 0 32 32 -1 0)
(-1 0 0 0 32 32 -1 0)
(-1 0 0 0 32 32 -1 0)
(0 1 0 0 32 32 -1 0)
(0 0 0 0 32 32 -1 0)
(-1 0 0 0 32 32 11 0)
(-1 0 0 0 32 32 -1 0)
(-1 0 0 0 32 32 -1 0)
(-1 0 0 0 32 32 -1 0)
(-1 0 0 0 32 32 -1 0)
(-1 0 0 0 32 32 -1 0)
(-1 0 0 0 32 32 -1 0)
(-1 0 0 0 32 32 -1 0)
(-1 0 0 0 32 32 -1 0)
(-1 0 0 0 32 32 -1 0)
(-1 0 0 0 32 32 -1 0)
(-1 0 0 0 32 32 -1 0)
(-1 0 0 0 32 32 -1 0)
(-1 0 0 0 32 32 -1 0)
(-1 0 0 0 32 32 -1 0)
(-1 0 0 0 32 32 -1 0)
(-1 0 0 0 32 32 -1 0)
(-1 0 0 0 32 32 -1 0)
(-1 0 0 0 32 32 -1 0)
(-1 0 0 0 32 32 -1 0)
(0 1 0 0 32 32 -1 0)
(0 0 0 0 32 32 -1 0)
(-1 0 0 0 32 32 11 0)
(-1 0 0 0 32 32 -1 0)
(-1 0 0 0 32 32 -1 0)
(-1 0 0 0 32 32 -1 0)
(-1 0 0 0 32 32 -1 0)
(-1 0 0 0 32 32 -1 0)
(-1 0 0 0 32 32 -1 0)
(-1 0 0 0 32 32 -1 0)
(-1 0 0 0 32 32 -1 0)
(-1 0 0 0 32 32 -1 0)
(-1 0 0 0 32 32 -1 0)
(-1 0 0 0 32 32 -1 0)
(-1 0 0 0 32 32 -1 0)
(-1 0 0 0 32 32 -1 0)
(-1 0 0 0 32 32 -1 0)
(-1 0 0 0 32 32 -1 0)
(-1 0 0 0 32 32 -1 0)
(-1 0 0 0 32 32 -1 0)
(-1 0 0 0 32 32 -1 0)
(-1 0 0 0 32 32 -1 0)
(0 2 0 0 32 32 -1 0)
(0 0 0 0 32 32 -1 0)
(-1 0 0 0 32 32 11 0)
(-1 0 0 0 32 32 -1 0)
(-1 0 0 0 32 32 -1 0)
(-1 0 0 0 32 32 -1 0)
(-1 0 0 0 32 32 -1 0)
(-1 0 0 0 32 32 -1 0)
(-1 0 0 0 32 32 -1 0)
(-1 0 0 0 32 32 -1 0)
(-1 0 0 0 32 32 -1 0)
(-1 0 0 0 32 32 -1 0)
(-1 0 0 0 32 32 -1 0)
(-1 0 0 0 32 32 -1 0)
(-1 0 0 0 32 32 -1 0)
(-1 0 0 0 32 32 -1 0)
(-1 0 0 0 32 32 -1 0)
(-1 0 0 0 32 32 -1 0)
(-1 0 0 0 32 32 -1 0)
(-1 0 0 0 32 32 -1 0)
(-1 0 0 0 32 32 -1 0)
(-1 0 0 0 32 32 -1 0)
(0 2 0 0 32 32 -1 0)
(0 0 0 0 32 32 -1 0)
(0 1 0 0 32 32 -1 0)
(0 1 0 0 32 32 -1 0)
(0 1 0 0 32 32 -1 0)
(0 1 0 0 32 32 -1 0)
(0 1 0 0 32 32 -1 0)
(0 1 0 0 32 32 -1 0)
(5 1 0 0 32 16 -1 0)
(3 1 0 0 32 16 -1 0)
(4 1 0 0 32 32 -1 0)
(5 1 0 0 32 16 -1 0)
(5 1 0 0 32 16 -1 0)
(3 1 0 0 32 16 -1 2)
(4 1 0 0 32 16 -1 0)
(3 1 0 0 32 16 -1 0)
(5 1 0 0 32 16 -1 0)
(5 1 0 0 32 16 -1 0)
(3 1 0 0 32 16 -1 0)
(4 1 0 0 32 16 -1 0)
(6 4 0 0 32 32 -1 0)
(4 1 0 0 32 16 -1 0)
(0 2 0 0 32 32 -1 0)
(0 0 0 0 32 32 -1 0)
(0 2 0 0 32 32 -1 0)
(0 1 0 0 32 32 -1 0)
(0 1 0 0 32 32 -1 0)
(0 1 0 0 32 32 -1 0)
(-1 0 0 0 32 32 -1 0)
(-1 0 0 0 32 32 -1 0)
(-1 0 0 0 32 32 -1 0)
(-1 0 0 0 32 32 -1 0)
(-1 0 0 0 32 32 -1 0)
(-1 0 0 0 32 32 -1 0)
(-1 0 0 0 32 32 -1 0)
(-1 0 0 0 32 32 -1 0)
(-1 0 0 0 32 32 -1 0)
(-1 0 0 0 32 32 -1 0)
(-1 0 0 0 32 32 -1 0)
(-1 0 0 0 32 32 -1 0)
(-1 0 0 0 32 32 -1 0)
(-1 0 0 0 32 32 -1 0)
(7 3 0 0 32 32 -1 0)
(-1 0 0 0 32 32 -1 0)
(0 2 0 0 32 32 -1 0)
(0 0 0 0 32 32 -1 0)
(0 1 0 0 32 32 -1 0)
(0 1 0 0 32 32 -1 0)
(0 1 0 0 32 32 -1 0)
(-1 0 0 0 32 32 -1 0)
(-1 0 0 0 32 32 -1 0)
(-1 0 0 0 32 32 -1 0)
(-1 0 0 0 32 32 -1 0)
(-1 0 0 0 32 32 -1 0)
(-1 0 0 0 32 32 -1 0)
(-1 0 0 0 32 32 -1 0)
(-1 0 0 0 32 32 -1 0)
(-1 0 0 0 32 32 -1 0)
(-1 0 0 0 32 32 -1 0)
(-1 0 0 0 32 32 -1 0)
(-1 0 0 0 32 32 -1 0)
(-1 0 0 0 32 32 -1 0)
(-1 0 0 0 32 32 -1 0)
(-1 0 0 0 32 32 -1 0)
(7 3 0 0 32 32 -1 0)
(-1 0 0 0 32 32 -1 0)
(0 2 0 0 32 32 -1 0)
(0 0 0 0 32 32 -1 0)
(0 1 0 0 32 32 -1 0)
(0 1 0 0 32 32 -1 0)
(-1 0 0 0 32 32 -1 0)
(-1 0 0 0 32 32 -1 0)
(-1 0 0 0 32 32 -1 0)
(-1 0 0 0 32 32 -1 0)
(-1 0 0 0 32 32 -1 0)
(-1 0 0 0 32 32 -1 0)
(-1 0 0 0 32 32 -1 0)
(-1 0 0 0 32 32 -1 0)
(-1 0 0 0 32 32 -1 0)
(-1 0 0 0 32 32 -1 0)
(-1 0 0 0 32 32 -1 0)
(-1 0 0 0 32 32 -1 0)
(-1 0 0 0 32 32 -1 0)
(-1 0 0 0 32 32 -1 0)
(-1 0 0 0 32 32 -1 0)
(-1 0 0 0 32 32 -1 0)
(7 3 0 0 32 32 -1 0)
(-1 0 0 0 32 32 -1 0)
(0 2 0 0 32 32 -1 0)
(0 0 0 0 32 32 -1 0)
(0 1 0 0 32 32 -1 0)
(0 1 0 0 32 32 -1 0)
(-1 0 0 0 32 32 -1 0)
(-1 0 0 0 32 32 -1 0)
(-1 0 0 0 32 32 -1 0)
(-1 0 0 0 32 32 -1 0)
(-1 0 0 0 32 32 -1 0)
(-1 0 0 0 32 32 -1 0)
(-1 0 0 0 32 32 -1 0)
(-1 0 0 0 32 32 -1 0)
(-1 0 0 0 32 32 -1 0)
(-1 0 0 0 32 32 -1 0)
(-1 0 0 0 32 32 -1 0)
(-1 0 0 0 32 32 -1 0)
(-1 0 0 0 32 32 -1 0)
(-1 0 0 0 32 32 -1 0)
(-1 0 0 0 32 32 -1 0)
(-1 0 0 0 32 32 -1 0)
(7 3 0 0 32 32 -1 0)
(-1 0 0 0 32 32 -1 0)
(0 2 0 0 32 32 -1 0)
(0 0 0 0 32 32 -1 0)
(0 1 0 0 32 32 -1 3)
(0 1 0 0 32 32 -1 0)
(-1 0 0 0 32 32 -1 0)
(-1 0 0 0 32 32 -1 0)
(-1 0 0 0 32 32 -1 0)
(-1 0 0 0 32 32 -1 0)
(-1 0 0 0 32 32 -1 0)
(-1 0 0 0 32 32 -1 0)
(-1 0 0 0 32 32 -1 0)
(-1 0 0 0 32 32 -1 0)
(-1 0 0 0 32 32 -1 0)
(-1 0 0 0 32 32 -1 0)
(-1 0 0 0 32 32 -1 0)
(-1 0 0 0 32 32 -1 0)
(-1 0 0 0 32 32 -1 0)
(-1 0 0 0 32 32 -1 0)
(-1 0 0 0 32 32 -1 0)
(-1 0 0 0 32 32 -1 0)
(7 3 0 0 32 32 -1 0)
(-1 0 0 0 32 32 -1 0)
(0 2 0 0 32 32 -1 0)
(0 0 0 0 32 32 -1 0)
(0 0 0 0 32 32 -1 0)
(0 1 0 0 32 32 -1 0)
(-1 0 0 0 32 32 -1 0)
(-1 0 0 0 32 32 -1 0)
(-1 0 0 0 32 32 -1 0)
(-1 0 0 0 32 32 -1 0)
(-1 0 0 0 32 32 -1 0)
(-1 0 0 0 32 32 -1 0)
(-1 0 0 0 32 32 -1 0)
(-1 0 0 0 32 32 -1 0)
(-1 0 0 0 32 32 -1 0)
(-1 0 0 0 32 32 -1 0)
(-1 0 0 0 32 32 -1 0)
(-1 0 0 0 32 32 -1 0)
(-1 0 0 0 32 32 -1 0)
(-1 0 0 0 32 32 -1 0)
(-1 0 0 0 32 32 -1 0)
(-1 0 0 0 32 32 -1 0)
(7 3 0 0 32 32 -1 0)
(-1 0 0 0 32 32 -1 0)
(0 2 0 0 32 32 -1 0)
(0 0 0 0 32 32 -1 0)
(0 0 0 0 32 32 -1 0)
(0 1 0 0 32 32 -1 0)
(-1 0 0 0 32 32 -1 0)
(-1 0 0 0 32 32 -1 0)
(-1 0 0 0 32 32 -1 0)
(-1 0 0 0 32 32 -1 0)
(-1 0 0 0 32 32 -1 0)
(-1 0 0 0 32 32 -1 0)
(-1 0 0 0 32 32 -1 0)
(-1 0 0 0 32 32 -1 0)
(-1 0 0 0 32 32 -1 0)
(-1 0 0 0 32 32 -1 0)
(-1 0 0 0 32 32 -1 0)
(-1 0 0 0 32 32 -1 0)
(-1 0 0 0 32 32 -1 0)
(-1 0 0 0 32 32 -1 0)
(-1 0 0 0 32 32 -1 0)
(-1 0 0 0 32 32 -1 0)
(7 3 0 0 32 32 -1 0)
(-1 0 0 0 32 32 -1 0)
(0 2 0 0 32 32 -1 0)
(0 0 0 0 32 32 -1 0)
(0 0 0 0 32 32 -1 0)
(0 1 0 0 32 32 -1 0)
(0 1 0 0 32 32 -1 0)
(0 1 0 0 32 32 -1 0)
(0 1 0 0 32 32 -1 2)
(0 1 0 0 32 32 -1 0)
(3 1 0 0 32 16 -1 0)
(4 1 0 0 32 16 -1 0)
(5 1 0 0 32 16 -1 0)
(6 4 0 0 32 32 -1 0)
(5 1 0 0 32 16 -1 0)
(3 1 0 0 32 16 -1 0)
(5 1 0 0 32 16 -1 0)
(4 1 0 0 32 16 -1 0)
(5 1 0 0 32 16 -1 0)
(3 1 0 0 32 16 -1 0)
(0 1 0 0 32 32 -1 0)
(0 1 0 0 32 32 -1 0)
(0 1 0 0 32 32 -1 0)
(0 1 0 0 32 32 -1 0)
(0 2 0 0 32 32 -1 0)
(0 0 0 0 32 32 -1 0)
(0 0 0 0 32 32 -1 0)
(0 1 0 0 32 32 -1 0)
(0 1 0 0 32 32 -1 0)
(0 1 0 0 32 32 -1 0)
(-1 0 0 0 32 32 -1 0)
(-1 0 0 0 32 32 -1 0)
(-1 0 0 0 32 32 -1 0)
(-1 0 0 0 32 32 -1 0)
(-1 0 0 0 32 32 -1 0)
(7 3 0 0 32 32 -1 0)
(-1 0 0 0 32 32 -1 0)
(-1 0 0 0 32 32 -1 0)
(-1 0 0 0 32 32 -1 0)
(-1 0 0 0 32 32 -1 0)
(-1 0 0 0 32 32 -1 0)
(-1 0 0 0 32 32 -1 0)
(-1 0 0 0 32 32 -1 0)
(-1 0 0 0 32 32 -1 0)
(0 1 0 0 32 32 -1 0)
(0 1 0 0 32 32 -1 0)
(0 2 0 0 32 32 -1 0)
(0 0 0 0 32 32 -1 0)
(0 0 0 0 32 32 -1 0)
(0 1 0 0 32 32 -1 0)
(0 1 0 0 32 32 -1 0)
(-1 0 0 0 32 32 -1 0)
(-1 0 0 0 32 32 -1 0)
(-1 0 0 0 32 32 -1 0)
(-1 0 0 0 32 32 -1 0)
(-1 0 0 0 32 32 -1 0)
(-1 0 0 0 32 32 -1 0)
(7 3 0 0 32 32 -1 0)
(-1 0 0 0 32 32 -1 0)
(-1 0 0 0 32 32 -1 0)
(-1 0 0 0 32 32 -1 0)
(-1 0 0 0 32 32 -1 0)
(-1 0 0 0 32 32 -1 0)
(-1 0 0 0 32 32 -1 0)
(-1 0 0 0 32 32 -1 0)
(-1 0 0 0 32 32 -1 0)
(-1 0 0 0 32 32 -1 0)
(0 1 0 0 32 32 -1 0)
(0 2 0 0 32 32 -1 0)
(0 0 0 0 32 32 -1 0)
(0 0 0 0 32 32 -1 0)
(0 1 0 0 32 32 -1 0)
(-1 0 0 0 32 32 -1 0)
(-1 0 0 0 32 32 -1 0)
(-1 0 0 0 32 32 -1 0)
(-1 0 0 0 32 32 -1 0)
(-1 0 0 0 32 32 -1 0)
(-1 0 0 0 32 32 -1 0)
(-1 0 0 0 32 32 -1 0)
(7 3 0 0 32 32 -1 0)
(-1 0 0 0 32 32 -1 0)
(-1 0 0 0 32 32 -1 0)
(-1 0 0 0 32 32 -1 0)
(-1 0 0 0 32 32 -1 0)
(-1 0 0 0 32 32 -1 0)
(-1 0 0 0 32 32 -1 0)
(-1 0 0 0 32 32 -1 0)
(-1 0 0 0 32 32 -1 0)
(-1 0 0 0 32 32 -1 0)
(-1 0 0 0 32 32 -1 0)
(0 2 0 0 32 32 -1 0)
(0 0 0 0 32 32 -1 0)
(0 0 0 0 32 32 -1 0)
(0 2 0 0 32 32 -1 0)
(-1 0 0 0 32 32 -1 0)
(-1 0 0 0 32 32 -1 0)
(-1 0 0 0 32 32 -1 0)
(-1 0 0 0 32 32 -1 0)
(-1 0 0 0 32 32 -1 0)
(-1 0 0 0 32 32 -1 0)
(-1 0 0 0 32 32 -1 0)
(7 3 0 0 32 32 -1 0)
(-1 0 0 0 32 32 -1 0)
(-1 0 0 0 32 32 -1 0)
(-1 0 0 0 32 32 -1 0)
(-1 0 0 0 32 32 -1 0)
(-1 0 0 0 32 32 -1 0)
(-1 0 0 0 32 32 -1 0)
(-1 0 0 0 32 32 -1 0)
(-1 0 0 0 32 32 -1 0)
(-1 0 0 0 32 32 -1 0)
(-1 0 0 0 32 32 -1 0)
(0 2 0 0 32 32 -1 0)
(0 0 0 0 32 32 -1 3)
(0 0 0 0 32 32 -1 0)
(0 2 0 0 32 32 -1 0)
(-1 0 0 0 32 32 -1 0)
(-1 0 0 0 32 32 -1 0)
(-1 0 0 0 32 32 -1 0)
(-1 0 0 0 32 32 -1 0)
(-1 0 0 0 32 32 -1 0)
(-1 0 0 0 32 32 -1 0)
(-1 0 0 0 32 32 -1 0)
(7 3 0 0 32 32 -1 0)
(-1 0 0 0 32 32 -1 0)
(-1 0 0 0 32 32 -1 0)
(-1 0 0 0 32 32 -1 0)
(-1 0 0 0 32 32 -1 0)
(-1 0 0 0 32 32 -1 0)
(-1 0 0 0 32 32 -1 0)
(-1 0 0 0 32 32 -1 0)
(-1 0 0 0 32 32 -1 0)
(-1 0 0 0 32 32 -1 0)
(-1 0 0 0 32 32 -1 0)
(0 2 0 0 32 32 -1 0)
(0 0 0 0 32 32 -1 0)
(0 0 0 0 32 32 -1 0)
(0 2 0 0 32 32 -1 0)
(-1 0 0 0 32 32 -1 0)
(-1 0 0 0 32 32 -1 0)
(-1 0 0 0 32 32 -1 0)
(-1 0 0 0 32 32 -1 0)
(-1 0 0 0 32 32 -1 0)
(-1 0 0 0 32 32 -1 0)
(-1 0 0 0 32 32 -1 0)
(7 3 0 0 32 32 -1 0)
(-1 0 0 0 32 32 -1 0)
(-1 0 0 0 32 32 -1 0)
(-1 0 0 0 32 32 -1 0)
(-1 0 0 0 32 32 -1 0)
(-1 0 0 0 32 32 -1 0)
(-1 0 0 0 32 32 -1 0)
(-1 0 0 0 32 32 -1 0)
(-1 0 0 0 32 32 -1 0)
(-1 0 0 0 32 32 -1 0)
(-1 0 0 0 32 32 -1 0)
(0 2 0 0 32 32 -1 0)
(0 0 0 0 32 32 -1 0)
(0 0 0 0 32 32 -1 3)
(0 2 0 0 32 32 -1 0)
(-1 0 0 0 32 32 -1 0)
(-1 0 0 0 32 32 -1 0)
(-1 0 0 0 32 32 -1 0)
(-1 0 0 0 32 32 -1 0)
(-1 0 0 0 32 32 -1 0)
(-1 0 0 0 32 32 -1 0)
(-1 0 0 0 32 32 -1 0)
(7 3 0 0 32 32 -1 0)
(-1 0 0 0 32 32 -1 0)
(-1 0 0 0 32 32 -1 0)
(-1 0 0 0 32 32 -1 0)
(-1 0 0 0 32 32 -1 0)
(-1 0 0 0 32 32 -1 0)
(-1 0 0 0 32 32 -1 0)
(-1 0 0 0 32 32 -1 0)
(-1 0 0 0 32 32 -1 0)
(-1 0 0 0 32 32 -1 0)
(-1 0 0 0 32 32 -1 0)
(0 2 0 0 32 32 -1 0)
(0 0 0 0 32 32 -1 0)
(0 0 0 0 32 32 -1 0)
(0 2 0 0 32 32 -1 0)
(-1 0 0 0 32 32 -1 0)
(-1 0 0 0 32 32 -1 0)
(-1 0 0 0 32 32 -1 0)
(-1 0 0 0 32 32 -1 0)
(-1 0 0 0 32 32 -1 0)
(-1 0 0 0 32 32 -1 0)
(-1 0 0 0 32 32 -1 0)
(7 3 0 0 32 32 -1 0)
(-1 0 0 0 32 32 -1 0)
(-1 0 0 0 32 32 -1 0)
(-1 0 0 0 32 32 -1 0)
(-1 0 0 0 32 32 -1 0)
(-1 0 0 0 32 32 -1 0)
(-1 0 0 0 32 32 -1 0)
(-1 0 0 0 32 32 -1 0)
(-1 0 0 0 32 32 -1 0)
(-1 0 0 0 32 32 -1 0)
(-1 0 0 0 32 32 -1 0)
(0 2 0 0 32 32 -1 0)
(0 0 0 0 32 32 -1 0)
(0 0 0 0 32 32 -1 0)
(0 2 0 0 32 32 -1 0)
(-1 0 0 0 32 32 -1 0)
(-1 0 0 0 32 32 -1 0)
(-1 0 0 0 32 32 -1 0)
(-1 0 0 0 32 32 -1 0)
(-1 0 0 0 32 32 -1 0)
(5 1 0 0 32 16 -1 0)
(4 1 0 0 32 16 -1 0)
(3 1 0 0 32 16 -1 0)
(5 1 0 0 32 16 -1 0)
(3 1 0 0 32 16 -1 0)
(-1 0 0 0 32 32 -1 0)
(-1 0 0 0 32 32 -1 0)
(-1 0 0 0 32 32 -1 0)
(-1 0 0 0 32 32 -1 0)
(-1 0 0 0 32 32 -1 0)
(-1 0 0 0 32 32 -1 0)
(-1 0 0 0 32 32 -1 0)
(-1 0 0 0 32 32 -1 0)
(0 2 0 0 32 32 -1 0)
(0 0 0 0 32 32 -1 0)
(0 0 0 0 32 32 -1 0)
(0 2 0 0 32 32 -1 0)
(-1 0 0 0 32 32 -1 0)
(-1 0 0 0 32 32 -1 0)
(-1 0 0 0 32 32 -1 0)
(-1 0 0 0 32 32 -1 0)
(-1 0 0 0 32 32 -1 0)
(-1 0 0 0 32 32 -1 0)
(-1 0 0 0 32 32 -1 0)
(-1 0 0 0 32 32 -1 0)
(-1 0 0 0 32 32 -1 0)
(-1 0 0 0 32 32 -1 0)
(-1 0 0 0 32 32 -1 0)
(-1 0 0 0 32 32 -1 0)
(-1 0 0 0 32 32 -1 0)
(-1 0 0 0 32 32 -1 0)
(-1 0 0 0 32 32 -1 0)
(-1 0 0 0 32 32 -1 0)
(-1 0 0 0 32 32 -1 0)
(-1 0 0 0 32 32 -1 0)
(0 2 0 0 32 32 -1 0)
(0 0 0 0 32 32 -1 0)
(0 0 0 0 32 32 -1 0)
(0 2 0 0 32 32 -1 0)
(-1 0 0 0 32 32 -1 0)
(-1 0 0 0 32 32 -1 0)
(-1 0 0 0 32 32 -1 0)
(-1 0 0 0 32 32 -1 0)
(-1 0 0 0 32 32 -1 0)
(-1 0 0 0 32 32 -1 0)
(-1 0 0 0 32 32 -1 0)
(-1 0 0 0 32 32 -1 0)
(-1 0 0 0 32 32 -1 0)
(-1 0 0 0 32 32 -1 0)
(-1 0 0 0 32 32 -1 0)
(-1 0 0 0 32 32 -1 0)
(-1 0 0 0 32 32 -1 0)
(-1 0 0 0 32 32 -1 0)
(-1 0 0 0 32 32 -1 0)
(-1 0 0 0 32 32 -1 0)
(-1 0 0 0 32 32 -1 0)
(-1 0 0 0 32 32 -1 0)
(0 2 0 0 32 32 -1 0)
(0 0 0 0 32 32 -1 0)
(0 0 0 0 32 32 -1 0)
(0 2 0 0 32 32 -1 0)
(-1 0 0 0 32 32 -1 0)
(-1 0 0 0 32 32 -1 0)
(-1 0 0 0 32 32 -1 0)
(-1 0 0 0 32 32 -1 0)
(-1 0 0 0 32 32 -1 0)
(-1 0 0 0 32 32 -1 0)
(-1 0 0 0 32 32 -1 0)
(-1 0 0 0 32 32 -1 0)
(-1 0 0 0 32 32 -1 0)
(-1 0 0 0 32 32 -1 0)
(-1 0 0 0 32 32 -1 0)
(-1 0 0 0 32 32 -1 0)
(-1 0 0 0 32 32 -1 0)
(-1 0 0 0 32 32 -1 0)
(-1 0 0 0 32 32 -1 0)
(-1 0 0 0 32 32 -1 0)
(-1 0 0 0 32 32 -1 0)
(-1 0 0 0 32 32 -1 0)
(0 2 0 0 32 32 -1 0)
(0 0 0 0 32 32 -1 0)
(0 0 0 0 32 32 -1 0)
(0 2 0 0 32 32 -1 0)
(0 1 0 0 32 32 -1 0)
(0 1 0 0 32 32 -1 2)
(0 1 0 0 32 32 -1 0)
(-1 0 0 0 32 32 -1 0)
(-1 0 0 0 32 32 -1 0)
(-1 0 0 0 32 32 -1 0)
(-1 0 0 0 32 32 -1 0)
(-1 0 0 0 32 32 -1 0)
(-1 0 0 0 32 32 -1 0)
(-1 0 0 0 32 32 -1 0)
(-1 0 0 0 32 32 -1 0)
(-1 0 0 0 32 32 -1 0)
(0 1 0 0 32 32 -1 0)
(0 1 0 0 32 32 -1 0)
(0 1 0 0 32 32 -1 0)
(0 1 0 0 32 32 -1 5)
(0 1 0 0 32 32 -1 0)
(-1 0 0 0 32 32 -1 0)
(0 2 0 0 32 32 -1 0)
(0 0 0 0 32 32 -1 0)
(0 0 0 0 32 32 -1 0)
(0 2 0 0 32 32 -1 0)
(0 1 0 0 32 32 -1 0)
(0 2 0 0 32 32 -1 0)
(0 1 0 0 32 32 -1 0)
(-1 0 0 0 32 32 -1 0)
(-1 0 0 0 32 32 -1 0)
(-1 0 0 0 32 32 -1 0)
(-1 0 0 0 32 32 -1 0)
(-1 0 0 0 32 32 -1 0)
(-1 0 0 0 32 32 -1 0)
(-1 0 0 0 32 32 -1 0)
(-1 0 0 0 32 32 -1 0)
(-1 0 0 0 32 32 -1 0)
(-1 0 0 0 32 32 -1 0)
(-1 0 0 0 32 32 -1 0)
(-1 0 0 0 32 32 -1 0)
(-1 0 0 0 32 32 -1 0)
(-1 0 0 0 32 32 -1 0)
(-1 0 0 0 32 32 -1 0)
(0 2 0 0 32 32 -1 0)
(0 0 0 0 32 32 -1 0)
(0 0 0 0 32 32 -1 0)
(0 2 0 0 32 32 -1 0)
(0 0 0 0 32 32 -1 0)
(0 0 0 0 32 32 -1 0)
(0 1 0 0 32 32 -1 0)
(-1 0 0 0 32 32 -1 0)
(-1 0 0 0 32 32 -1 0)
(-1 0 0 0 32 32 -1 0)
(-1 0 0 0 32 32 -1 0)
(-1 0 0 0 32 32 -1 0)
(-1 0 0 0 32 32 -1 0)
(-1 0 0 0 32 32 -1 0)
(-1 0 0 0 32 32 -1 0)
(-1 0 0 0 32 32 -1 0)
(-1 0 0 0 32 32 -1 0)
(-1 0 0 0 32 32 -1 0)
(-1 0 0 0 32 32 -1 0)
(-1 0 0 0 32 32 -1 0)
(-1 0 0 0 32 32 -1 0)
(-1 0 0 0 32 32 -1 0)
(0 2 0 0 32 32 -1 0)
(0 0 0 0 32 32 -1 3)
(0 0 0 0 32 32 -1 0)
(0 2 0 0 32 32 -1 0)
(0 0 0 0 32 32 -1 0)
(0 0 0 0 32 32 -1 0)
(0 1 0 0 32 32 -1 0)
(-1 0 0 0 32 32 -1 0)
(-1 0 0 0 32 32 -1 0)
(-1 0 0 0 32 32 -1 0)
(-1 0 0 0 32 32 -1 0)
(-1 0 0 0 32 32 -1 0)
(-1 0 0 0 32 32 -1 0)
(-1 0 0 0 32 32 -1 0)
(-1 0 0 0 32 32 -1 0)
(-1 0 0 0 32 32 -1 0)
(-1 0 0 0 32 32 -1 0)
(-1 0 0 0 32 32 -1 0)
(-1 0 0 0 32 32 -1 0)
(-1 0 0 0 32 32 -1 0)
(-1 0 0 0 32 32 -1 0)
(-1 0 0 0 32 32 -1 0)
(0 2 0 0 32 32 -1 0)
(0 0 0 0 32 32 -1 0)
(0 0 0 0 32 32 -1 0)
(0 2 0 0 32 32 -1 0)
(0 0 0 0 32 32 -1 0)
(0 0 0 0 32 32 -1 0)
(0 1 0 0 32 32 -1 0)
(-1 0 0 0 32 32 -1 0)
(-1 0 0 0 32 32 -1 0)
(-1 0 0 0 32 32 -1 0)
(-1 0 0 0 32 32 -1 0)
(-1 0 0 0 32 32 -1 0)
(-1 0 0 0 32 32 -1 0)
(-1 0 0 0 32 32 -1 0)
(-1 0 0 0 32 32 -1 0)
(-1 0 0 0 32 32 -1 0)
(-1 0 0 0 32 32 -1 0)
(-1 0 0 0 32 32 -1 0)
(-1 0 0 0 32 32 -1 0)
(-1 0 0 0 32 32 -1 0)
(-1 0 0 0 32 32 -1 0)
(-1 0 0 0 32 32 -1 0)
(0 2 0 0 32 32 -1 0)
(0 0 0 0 32 32 -1 3)
(0 0 0 0 32 32 -1 0)
(0 2 0 0 32 32 -1 0)
(0 2 0 0 32 32 -1 0)
(0 0 0 0 32 32 -1 0)
(0 0 0 0 32 32 -1 0)
(5 1 0 0 32 16 -1 0)
(3 1 0 0 32 16 -1 0)
(5 1 0 0 32 16 -1 0)
(5 1 0 0 32 16 -1 0)
(3 1 0 0 32 16 -1 0)
(4 1 0 0 32 16 -1 0)
(5 1 0 0 32 16 -1 1)
(3 1 0 0 32 16 -1 0)
(5 1 0 0 32 16 -1 0)
(4 1 0 0 32 16 -1 0)
(5 1 0 0 32 16 -1 0)
(3 1 0 0 32 16 -1 0)
(6 4 0 0 32 32 -1 0)
(-1 0 0 0 32 32 -1 0)
(-1 0 0 0 32 32 -1 0)
(0 2 0 0 32 32 -1 0)
(0 0 0 0 32 32 -1 0)
(0 0 0 0 32 32 -1 0)
(0 2 0 0 32 32 -1 0)
(0 2 0 0 32 32 -1 0)
(0 1 0 0 32 32 -1 0)
(-1 0 0 0 32 32 -1 0)
(-1 0 0 0 32 32 -1 0)
(-1 0 0 0 32 32 -1 0)
(-1 0 0 0 32 32 -1 0)
(-1 0 0 0 32 32 -1 0)
(-1 0 0 0 32 32 -1 0)
(-1 0 0 0 32 32 -1 0)
(-1 0 0 0 32 32 -1 0)
(-1 0 0 0 32 32 -1 0)
(-1 0 0 0 32 32 -1 0)
(-1 0 0 0 32 32 -1 0)
(-1 0 0 0 32 32 -1 0)
(-1 0 0 0 32 32 -1 0)
(7 3 0 0 32 32 -1 0)
(-1 0 0 0 32 32 -1 0)
(-1 0 0 0 32 32 -1 0)
(0 2 0 0 32 32 -1 0)
(0 0 0 0 32 32 -1 0)
(0 0 0 0 32 32 -1 0)
(0 2 0 0 32 32 -1 0)
(0 1 0 0 32 32 -1 0)
(0 1 0 0 32 32 -1 0)
(-1 0 0 0 32 32 -1 0)
(-1 0 0 0 32 32 -1 0)
(-1 0 0 0 32 32 -1 0)
(-1 0 0 0 32 32 -1 0)
(-1 0 0 0 32 32 -1 0)
(-1 0 0 0 32 32 -1 0)
(-1 0 0 0 32 32 -1 0)
(-1 0 0 0 32 32 -1 0)
(-1 0 0 0 32 32 -1 0)
(-1 0 0 0 32 32 -1 0)
(-1 0 0 0 32 32 -1 0)
(-1 0 0 0 32 32 -1 0)
(-1 0 0 0 32 32 -1 0)
(7 3 0 0 32 32 -1 0)
(-1 0 0 0 32 32 -1 0)
(-1 0 0 0 32 32 -1 0)
(0 2 0 0 32 32 -1 0)
(0 0 0 0 32 32 -1 0)
(0 0 0 0 32 32 -1 4)
(0 2 0 0 32 32 -1 0)
(0 1 0 0 32 32 -1 0)
(-1 0 0 0 32 32 -1 0)
(-1 0 0 0 32 32 -1 0)
(-1 0 0 0 32 32 -1 0)
(-1 0 0 0 32 32 -1 0)
(-1 0 0 0 32 32 -1 0)
(-1 0 0 0 32 32 -1 0)
(-1 0 0 0 32 32 -1 0)
(-1 0 0 0 32 32 -1 0)
(-1 0 0 0 32 32 -1 4)
(-1 0 0 0 32 32 -1 0)
(-1 0 0 0 32 32 -1 0)
(-1 0 0 0 32 32 -1 0)
(-1 0 0 0 32 32 -1 0)
(-1 0 0 0 32 32 -1 0)
(7 3 0 0 32 32 -1 0)
(-1 0 0 0 32 32 -1 0)
(-1 0 0 0 32 32 -1 0)
(0 2 0 0 32 32 -1 0)
(0 0 0 0 32 32 -1 0)
(0 0 0 0 32 32 -1 0)
(0 2 0 0 32 32 -1 0)
(-1 0 0 0 32 32 -1 0)
(-1 0 0 0 32 32 -1 0)
(-1 0 0 0 32 32 -1 0)
(-1 0 0 0 32 32 -1 0)
(-1 0 0 0 32 32 -1 0)
(-1 0 0 0 32 32 -1 0)
(-1 0 0 0 32 32 -1 0)
(-1 0 0 0 32 32 -1 0)
(-1 0 0 0 32 32 -1 0)
(-1 0 0 0 32 32 -1 0)
(-1 0 0 0 32 32 -1 0)
(-1 0 0 0 32 32 -1 0)
(-1 0 0 0 32 32 -1 0)
(-1 0 0 0 32 32 -1 0)
(-1 0 0 0 32 32 -1 0)
(7 3 0 0 32 32 -1 0)
(-1 0 0 0 32 32 -1 0)
(-1 0 0 0 32 32 -1 0)
(0 2 0 0 32 32 -1 0)
(0 0 0 0 32 32 -1 0)
(0 0 0 0 32 32 -1 0)
(0 2 0 0 32 32 -1 0)
(-1 0 0 0 32 32 -1 0)
(-1 0 0 0 32 32 -1 0)
(-1 0 0 0 32 32 -1 0)
(-1 0 0 0 32 32 -1 0)
(-1 0 0 0 32 32 -1 0)
(-1 0 0 0 32 32 -1 0)
(-1 0 0 0 32 32 -1 0)
(-1 0 0 0 32 32 -1 0)
(-1 0 0 0 32 32 -1 0)
(-1 0 0 0 32 32 -1 0)
(-1 0 0 0 32 32 -1 0)
(-1 0 0 0 32 32 -1 0)
(-1 0 0 0 32 32 -1 0)
(-1 0 0 0 32 32 -1 0)
(-1 0 0 0 32 32 -1 0)
(7 3 0 0 32 32 -1 0)
(-1 0 0 0 32 32 -1 0)
(-1 0 0 0 32 32 -1 0)
(0 2 0 0 32 32 -1 0)
(0 0 0 0 32 32 -1 0)
(0 0 0 0 32 32 -1 0)
(0 2 0 0 32 32 -1 0)
(-1 0 0 0 32 32 -1 0)
(-1 0 0 0 32 32 -1 0)
(-1 0 0 0 32 32 -1 0)
(-1 0 0 0 32 32 -1 0)
(-1 0 0 0 32 32 -1 0)
(-1 0 0 0 32 32 -1 0)
(-1 0 0 0 32 32 -1 0)
(-1 0 0 0 32 32 -1 0)
(-1 0 0 0 32 32 -1 0)
(-1 0 0 0 32 32 -1 0)
(-1 0 0 0 32 32 -1 0)
(0 1 0 0 32 32 -1 0)
(0 1 0 0 32 32 -1 0)
(0 1 0 0 32 32 -1 0)
(0 1 0 0 32 32 -1 0)
(0 1 0 0 32 32 -1 0)
(0 1 0 0 32 32 -1 0)
(0 2 0 0 32 32 -1 0)
(0 2 0 0 32 32 -1 0)
(0 1 0 0 32 32 -1 0)
(0 0 0 0 32 32 -1 0)
(0 2 0 0 32 32 -1 0)
(-1 0 0 0 32 32 -1 0)
(-1 0 0 0 32 32 -1 0)
(-1 0 0 0 32 32 -1 0)
(-1 0 0 0 32 32 -1 0)
(-1 0 0 0 32 32 -1 0)
(-1 0 0 0 32 32 -1 0)
(-1 0 0 0 32 32 -1 0)
(-1 0 0 0 32 32 -1 0)
(-1 0 0 0 32 32 -1 0)
(-1 0 0 0 32 32 -1 0)
(-1 0 0 0 32 32 -1 0)
(-1 0 0 0 32 32 -1 0)
(-1 0 0 0 32 32 -1 0)
(-1 0 0 0 32 32 -1 0)
(-1 0 0 0 32 32 -1 0)
(-1 0 0 0 32 32 -1 0)
(-1 0 0 0 32 32 -1 0)
(-1 0 0 0 32 32 -1 0)
(-1 0 0 0 32 32 -1 0)
(-1 0 0 0 32 32 25 0)
(0 0 0 0 32 32 -1 0)
(0 2 0 0 32 32 -1 0)
(-1 0 0 0 32 32 -1 0)
(-1 0 0 0 32 32 -1 0)
(-1 0 0 0 32 32 -1 0)
(-1 0 0 0 32 32 -1 0)
(-1 0 0 0 32 32 -1 0)
(-1 0 0 0 32 32 -1 0)
(0 1 0 0 32 32 -1 0)
(0 1 0 0 32 32 -1 0)
(-1 0 0 0 32 32 -1 0)
(-1 0 0 0 32 32 -1 0)
(-1 0 0 0 32 32 -1 0)
(-1 0 0 0 32 32 -1 0)
(-1 0 0 0 32 32 -1 0)
(-1 0 0 0 32 32 -1 0)
(-1 0 0 0 32 32 -1 0)
(-1 0 0 0 32 32 -1 0)
(-1 0 0 0 32 32 -1 0)
(-1 0 0 0 32 32 -1 0)
(-1 0 0 0 32 32 -1 0)
(-1 0 0 0 32 32 25 0)
(0 0 0 0 32 32 -1 0)
(0 2 0 0 32 32 -1 0)
(-1 0 0 0 32 32 -1 0)
(-1 0 0 0 32 32 -1 0)
(-1 0 0 0 32 32 -1 0)
(-1 0 0 0 32 32 -1 0)
(-1 0 0 0 32 32 -1 0)
(-1 0 0 0 32 32 -1 0)
(-1 0 0 0 32 32 -1 0)
(-1 0 0 0 32 32 -1 0)
(-1 0 0 0 32 32 -1 0)
(-1 0 0 0 32 32 -1 0)
(-1 0 0 0 32 32 -1 0)
(-1 0 0 0 32 32 -1 0)
(-1 0 0 0 32 32 -1 0)
(-1 0 0 0 32 32 -1 0)
(-1 0 0 0 32 32 -1 0)
(-1 0 0 0 32 32 -1 0)
(-1 0 0 0 32 32 -1 0)
(-1 0 0 0 32 32 -1 0)
(-1 0 0 0 32 32 -1 0)
(-1 0 0 0 32 32 25 0)
(0 0 0 0 32 32 -1 0)
(0 2 0 0 32 32 -1 0)
(-1 0 0 0 32 32 -1 0)
(-1 0 0 0 32 32 -1 0)
(-1 0 0 0 32 32 -1 0)
(-1 0 0 0 32 32 -1 0)
(-1 0 0 0 32 32 -1 0)
(-1 0 0 0 32 32 -1 0)
(-1 0 0 0 32 32 -1 0)
(-1 0 0 0 32 32 -1 0)
(-1 0 0 0 32 32 -1 0)
(-1 0 0 0 32 32 -1 0)
(-1 0 0 0 32 32 -1 0)
(-1 0 0 0 32 32 -1 0)
(-1 0 0 0 32 32 -1 0)
(-1 0 0 0 32 32 -1 0)
(-1 0 0 0 32 32 -1 0)
(-1 0 0 0 32 32 -1 0)
(-1 0 0 0 32 32 -1 0)
(-1 0 0 0 32 32 -1 0)
(-1 0 0 0 32 32 -1 0)
(-1 0 0 0 32 32 25 0)
(0 0 0 0 32 32 -1 0)
(0 2 0 0 32 32 -1 0)
(-1 0 0 0 32 32 -1 0)
(-1 0 0 0 32 32 -1 0)
(0 1 0 0 32 32 -1 0)
(-1 0 0 0 32 32 -1 0)
(-1 0 0 0 32 32 -1 0)
(-1 0 0 0 32 32 -1 0)
(-1 0 0 0 32 32 -1 0)
(-1 0 0 0 32 32 -1 0)
(-1 0 0 0 32 32 -1 0)
(-1 0 0 0 32 32 -1 0)
(-1 0 0 0 32 32 -1 0)
(-1 0 0 0 32 32 -1 0)
(-1 0 0 0 32 32 -1 0)
(-1 0 0 0 32 32 -1 0)
(-1 0 0 0 32 32 -1 0)
(-1 0 0 0 32 32 -1 0)
(-1 0 0 0 32 32 -1 0)
(-1 0 0 0 32 32 -1 0)
(-1 0 0 0 32 32 -1 0)
(-1 0 0 0 32 32 25 0)
(0 0 0 0 32 32 -1 0)
(0 2 0 0 32 32 -1 0)
(-1 0 0 0 32 32 -1 0)
(-1 0 0 0 32 32 -1 0)
(-1 0 0 0 32 32 -1 0)
(-1 0 0 0 32 32 -1 0)
(-1 0 0 0 32 32 -1 0)
(-1 0 0 0 32 32 -1 0)
(-1 0 0 0 32 32 -1 0)
(-1 0 0 0 32 32 -1 0)
(-1 0 0 0 32 32 -1 0)
(-1 0 0 0 32 32 -1 0)
(-1 0 0 0 32 32 -1 0)
(-1 0 0 0 32 32 -1 0)
(-1 0 0 0 32 32 -1 0)
(-1 0 0 0 32 32 -1 0)
(-1 0 0 0 32 32 -1 0)
(-1 0 0 0 32 32 -1 0)
(-1 0 0 0 32 32 -1 0)
(-1 0 0 0 32 32 -1 0)
(-1 0 0 0 32 32 -1 0)
(-1 0 0 0 32 32 25 0)
(0 0 0 0 32 32 -1 0)
(0 2 0 0 32 32 -1 0)
(0 1 0 0 32 32 -1 0)
(0 1 0 0 32 32 -1 0)
(0 1 0 0 32 32 -1 0)
(0 1 0 0 32 32 -1 0)
(0 1 0 0 32 32 -1 0)
(0 1 0 0 32 32 -1 2)
(0 1 0 0 32 32 -1 0)
(0 1 0 0 32 32 -1 0)
(0 1 0 0 32 32 -1 0)
(0 1 0 0 32 32 -1 0)
(0 1 0 0 32 32 -1 0)
(0 1 0 0 32 32 -1 0)
(0 1 0 0 32 32 -1 0)
(0 1 0 0 32 32 -1 0)
(0 1 0 0 32 32 -1 0)
(0 1 0 0 32 32 -1 0)
(0 1 0 0 32 32 -1 0)
(0 1 0 0 32 32 -1 0)
(0 1 0 0 32 32 -1 0)
(0 1 0 0 32 32 -1 0)
(0 0 0 0 32 32 -1 0)
(0 0 0 0 32 32 -1 0)
(0 0 0 0 32 32 -1 0)
(0 0 0 0 32 32 -1 0)
(0 0 0 0 32 32 -1 0)
(0 0 0 0 32 32 -1 0)
(0 0 0 0 32 32 -1 0)
(0 1 0 0 32 32 -1 0)
(0 1 0 0 32 32 -1 0)
(0 0 0 0 32 32 -1 0)
(0 1 0 0 32 32 -1 0)
(0 1 0 0 32 32 -1 0)
(0 0 0 0 32 32 -1 0)
(0 1 0 0 32 32 -1 0)
(0 1 0 0 32 32 -1 0)
(0 1 0 0 32 32 -1 0)
(0 1 0 0 32 32 -1 0)
(0 1 0 0 32 32 -1 0)
(0 1 0 0 32 32 -1 0)
(0 1 0 0 32 32 -1 0)
(0 1 0 0 32 32 -1 0)
(0 1 0 0 32 32 -1 0)
