tiles.png 8 32 8 42 17
(-1 0 0 0 32 32 -1 -1 0)
(0 1 0 0 32 32 -1 -1 0)
(-1 0 0 0 32 32 -1 -1 0)
(-1 0 0 0 32 32 -1 -1 0)
(-1 0 0 0 32 32 -1 -1 0)
(-1 0 0 0 32 32 -1 -1 0)
(-1 0 0 0 32 32 -1 -1 0)
(-1 0 0 0 32 32 -1 -1 0)
(-1 0 0 0 32 32 -1 -1 0)
(-1 0 0 0 32 32 -1 -1 0)
(-1 0 0 0 32 32 -1 -1 0)
(-1 0 0 0 32 32 -1 -1 0)
(-1 0 0 0 32 32 -1 -1 0)
(-1 0 0 0 32 32 -1 -1 0)
(-1 0 0 0 32 32 -1 -1 0)
(-1 0 0 0 32 32 -1 -1 0)
(-1 0 0 0 32 32 -1 -1 0)
(-1 0 0 0 32 32 -1 -1 0)
(-1 0 0 0 32 32 -1 -1 0)
(-1 0 0 0 32 32 -1 -1 0)
(-1 0 0 0 32 32 -1 -1 0)
(-1 0 0 0 32 32 -1 -1 0)
(-1 0 0 0 32 32 -1 -1 0)
(-1 0 0 0 32 32 -1 -1 0)
(-1 0 0 0 32 32 -1 -1 0)
(0 1 0 0 32 32 -1 -1 0)
(0 1 0 0 32 32 -1 -1 0)
(0 1 0 0 32 32 -1 -1 0)
(-1 0 0 0 32 32 -1 -1 0)
(-1 0 0 0 32 32 -1 -1 0)
(-1 0 0 0 32 32 -1 -1 0)
(-1 0 0 0 32 32 -1 -1 0)
(-1 0 0 0 32 32 -1 -1 0)
(-1 0 0 0 32 32 -1 -1 0)
(-1 0 0 0 32 32 -1 -1 0)
(-1 0 0 0 32 32 -1 -1 0)
(-1 0 0 0 32 32 -1 -1 0)
(-1 0 0 0 32 32 -1 -1 0)
(-1 0 0 0 32 32 -1 -1 0)
(-1 0 0 0 32 32 -1 -1 0)
(-1 0 0 0 32 32 -1 -1 0)
(-1 0 0 0 32 32 -1 -1 0)
(-1 0 0 0 32 32 -1 -1 0)
(0 1 0 0 32 32 -1 -1 0)
(-1 0 0 0 32 32 -1 -1 0)
(-1 0 0 0 32 32 -1 -1 0)
(-1 0 0 0 32 32 -1 -1 0)
(-1 0 0 0 32 32 -1 -1 0)
(-1 0 0 0 32 32 -1 -1 0)
(0 0 0 0 32 32 -1 -1 0)
(0 0 0 0 32 32 -1 -1 0)
(0 0 0 0 32 32 -1 -1 0)
(0 0 0 0 32 32 -1 -1 0)
(0 0 0 0 32 32 -1 -1 0)
(0 0 0 0 32 32 -1 -1 0)
(0 0 0 0 32 32 -1 -1 0)
(0 0 0 0 32 32 -1 -1 0)
(0 0 0 0 32 32 -1 -1 0)
(0 0 0 0 32 32 -1 -1 0)
(0 0 0 0 32 32 -1 -1 0)
(0 0 0 0 32 32 -1 -1 0)
(0 0 0 0 32 32 -1 -1 0)
(0 0 0 0 32 32 -1 -1 0)
(0 0 0 0 32 32 -1 -1 0)
(0 0 0 0 32 32 -1 -1 0)
(0 0 0 0 32 32 -1 -1 0)
(0 0 0 0 32 32 -1 -1 0)
(0 0 0 0 32 32 -1 -1 0)
(0 0 0 0 32 32 -1 -1 0)
(0 1 0 0 32 32 -1 -1 0)
(0 1 0 0 32 32 -1 -1 0)
(0 0 0 0 32 32 -1 -1 0)
(0 0 0 0 32 32 -1 -1 0)
(0 0 0 0 32 32 -1 -1 0)
(0 0 0 0 32 32 -1 -1 0)
(0 0 0 0 32 32 -1 -1 0)
(0 0 0 0 32 32 -1 -1 0)
(0 0 0 0 32 32 -1 -1 0)
(0 0 0 0 32 32 -1 -1 0)
(0 0 0 0 32 32 -1 -1 0)
(0 0 0 0 32 32 -1 -1 0)
(0 0 0 0 32 32 -1 -1 0)
(0 0 0 0 32 32 -1 -1 0)
(0 0 0 0 32 32 -1 -1 0)
(-1 0 0 0 32 32 -1 -1 0)
(0 0 0 0 32 32 -1 -1 0)
(-1 0 0 0 32 32 -1 -1 0)
(-1 0 0 0 32 32 -1 -1 0)
(-1 0 0 0 32 32 -1 -1 0)
(-1 0 0 0 32 32 -1 -1 0)
(-1 0 0 0 32 32 -1 -1 0)
(0 0 0 0 32 32 -1 -1 0)
(0 0 0 0 32 32 -1 -1 0)
(0 0 0 0 32 32 -1 -1 0)
(0 0 0 0 32 32 -1 -1 0)
(0 0 0 0 32 32 -1 -1 0)
(0 0 0 0 32 32 -1 -1 0)
(0 0 0 0 32 32 -1 -1 0)
(0 0 0 0 32 32 -1 -1 0)
(0 0 0 0 32 32 -1 -1 0)
(0 0 0 0 32 32 -1 -1 0)
(0 0 0 0 32 32 -1 -1 0)
(0 0 0 0 32 32 -1 -1 0)
(0 0 0 0 32 32 -1 -1 0)
(0 0 0 0 32 32 -1 -1 0)
(0 0 0 0 32 32 -1 -1 0)
(0 1 0 0 32 32 -1 -1 0)
(0 1 0 0 32 32 -1 -1 0)
(0 1 0 0 32 32 -1 -1 0)
(0 1 0 0 32 32 -1 -1 0)
(0 0 0 0 32 32 -1 -1 0)
(0 1 0 0 32 32 -1 -1 0)
(0 1 0 0 32 32 -1 -1 0)
(0 1 0 0 32 32 -1 -1 0)
(0 1 0 0 32 32 -1 -1 0)
(0 1 0 0 32 32 -1 -1 0)
(0 1 0 0 32 32 -1 -1 0)
(0 1 0 0 32 32 -1 -1 0)
(0 1 0 0 32 32 -1 -1 0)
(0 1 0 0 32 32 -1 -1 0)
(0 1 0 0 32 32 -1 -1 0)
(0 1 0 0 32 32 -1 -1 0)
(0 1 0 0 32 32 -1 -1 0)
(0 1 0 0 32 32 -1 -1 0)
(0 1 0 0 32 32 -1 -1 0)
(0 0 0 0 32 32 -1 -1 0)
(-1 0 0 0 32 32 -1 -1 0)
(0 1 0 0 32 32 -1 -1 0)
(-1 0 0 0 32 32 -1 -1 0)
(-1 0 0 0 32 32 -1 -1 0)
(-1 0 0 0 32 32 -1 -1 0)
(-1 0 0 0 32 32 -1 -1 0)
(-1 0 0 0 32 32 -1 -1 0)
(-1 0 0 0 32 32 -1 -1 0)
(-1 0 0 0 32 32 -1 -1 0)
(-1 0 0 0 32 32 -1 -1 0)
(-1 0 0 0 32 32 -1 -1 0)
(-1 0 0 0 32 32 -1 -1 0)
(-1 0 0 0 32 32 -1 -1 0)
(-1 0 0 0 32 32 -1 -1 0)
(-1 0 0 0 32 32 -1 -1 0)
(-1 0 0 0 32 32 -1 -1 0)
(-1 0 0 0 32 32 -1 -1 0)
(-1 0 0 0 32 32 -1 -1 0)
(-1 0 0 0 32 32 -1 -1 0)
(-1 0 0 0 32 32 -1 -1 0)
(-1 0 0 0 32 32 -1 -1 0)
(-1 0 0 0 32 32 -1 -1 0)
(-1 0 0 0 32 32 -1 -1 0)
(-1 0 0 0 32 32 -1 -1 0)
(-1 0 0 0 32 32 -1 -1 0)
(-1 0 0 0 32 32 -1 -1 0)
(-1 0 0 0 32 32 -1 -1 0)
(-1 0 0 0 32 32 -1 -1 0)
(-1 0 0 0 32 32 -1 -1 0)
(-1 0 0 0 32 32 -1 -1 0)
(-1 0 0 0 32 32 -1 -1 0)
(-1 0 0 0 32 32 -1 -1 0)
(-1 0 0 0 32 32 -1 -1 0)
(-1 0 0 0 32 32 -1 -1 0)
(-1 0 0 0 32 32 -1 -1 0)
(-1 0 0 0 32 32 -1 -1 0)
(-1 0 0 0 32 32 -1 -1 0)
(-1 0 0 0 32 32 -1 -1 0)
(-1 0 0 0 32 32 -1 -1 0)
(-1 0 0 0 32 32 -1 -1 0)
(-1 0 0 0 32 32 -1 -1 0)
(-1 0 0 0 32 32 -1 -1 0)
(-1 0 0 0 32 32 -1 -1 0)
(0 2 0 0 32 32 -1 -1 0)
(-1 0 0 0 32 32 -1 -1 0)
(-1 0 0 0 32 32 -1 -1 0)
(-1 0 0 0 32 32 -1 -1 0)
(-1 0 0 0 32 32 -1 -1 0)
(-1 0 0 0 32 32 -1 -1 0)
(-1 0 0 0 32 32 -1 -1 0)
(-1 0 0 0 32 32 -1 -1 0)
(-1 0 0 0 32 32 -1 -1 0)
(-1 0 0 0 32 32 -1 -1 0)
(-1 0 0 0 32 32 -1 -1 0)
(-1 0 0 0 32 32 -1 -1 0)
(-1 0 0 0 32 32 -1 -1 0)
(-1 0 0 0 32 32 -1 -1 0)
(-1 0 0 0 32 32 -1 -1 0)
(-1 0 0 0 32 32 -1 -1 0)
(-1 0 0 0 32 32 -1 -1 0)
(-1 0 0 0 32 32 -1 -1 0)
(-1 0 0 0 32 32 -1 -1 0)
(-1 0 0 0 32 32 -1 -1 0)
(-1 0 0 0 32 32 -1 -1 0)
(-1 0 0 0 32 32 -1 -1 0)
(-1 0 0 0 32 32 -1 -1 0)
(-1 0 0 0 32 32 -1 -1 0)
(-1 0 0 0 32 32 -1 -1 0)
(-1 0 0 0 32 32 -1 -1 0)
(-1 0 0 0 32 32 -1 -1 0)
(-1 0 0 0 32 32 -1 -1 0)
(-1 0 0 0 32 32 -1 -1 0)
(-1 0 0 0 32 32 -1 -1 0)
(-1 0 0 0 32 32 -1 -1 0)
(-1 0 0 0 32 32 -1 -1 0)
(-1 0 0 0 32 32 -1 -1 0)
(-1 0 0 0 32 32 -1 -1 0)
(-1 0 0 0 32 32 -1 -1 0)
(-1 0 0 0 32 32 -1 -1 0)
(-1 0 0 0 32 32 -1 -1 0)
(-1 0 0 0 32 32 -1 -1 0)
(-1 0 0 0 32 32 -1 -1 0)
(-1 0 0 0 32 32 -1 -1 0)
(-1 0 0 0 32 32 -1 -1 0)
(-1 0 0 0 32 32 -1 -1 0)
(0 2 0 0 32 32 -1 -1 0)
(-1 0 0 0 32 32 -1 -1 0)
(-1 0 0 0 32 32 -1 -1 0)
(-1 0 0 0 32 32 -1 -1 0)
(-1 0 0 0 32 32 -1 -1 0)
(-1 0 0 0 32 32 -1 -1 0)
(-1 0 0 0 32 32 -1 -1 0)
(-1 0 0 0 32 32 -1 -1 0)
(-1 0 0 0 32 32 -1 -1 0)
(-1 0 0 0 32 32 -1 -1 0)
(-1 0 0 0 32 32 -1 -1 0)
(-1 0 0 0 32 32 -1 -1 0)
(-1 0 0 0 32 32 -1 -1 0)
(-1 0 0 0 32 32 -1 -1 0)
(-1 0 0 0 32 32 -1 -1 0)
(-1 0 0 0 32 32 -1 -1 0)
(-1 0 0 0 32 32 -1 -1 0)
(-1 0 0 0 32 32 -1 -1 0)
(-1 0 0 0 32 32 -1 -1 0)
(-1 0 0 0 32 32 -1 -1 0)
(-1 0 0 0 32 32 -1 -1 0)
(-1 0 0 0 32 32 -1 -1 0)
(-1 0 0 0 32 32 -1 -1 0)
(-1 0 0 0 32 32 -1 -1 0)
(-1 0 0 0 32 32 -1 -1 0)
(-1 0 0 0 32 32 -1 -1 0)
(-1 0 0 0 32 32 -1 -1 0)
(-1 0 0 0 32 32 -1 -1 0)
(-1 0 0 0 32 32 -1 -1 0)
(-1 0 0 0 32 32 -1 -1 0)
(-1 0 0 0 32 32 -1 -1 0)
(-1 0 0 0 32 32 -1 -1 0)
(-1 0 0 0 32 32 -1 -1 0)
(-1 0 0 0 32 32 -1 -1 0)
(-1 0 0 0 32 32 -1 -1 0)
(-1 0 0 0 32 32 -1 -1 0)
(-1 0 0 0 32 32 -1 -1 0)
(-1 0 0 0 32 32 -1 -1 0)
(-1 0 0 0 32 32 -1 -1 0)
(-1 0 0 0 32 32 -1 -1 0)
(-1 0 0 0 32 32 -1 -1 0)
(-1 1 0 0 32 32 -1 -1 0)
(0 2 0 0 32 32 -1 -1 0)
(-1 0 0 0 32 32 -1 -1 0)
(-1 0 0 0 32 32 -1 -1 0)
(-1 0 0 0 32 32 -1 -1 0)
(-1 0 0 0 32 32 -1 -1 0)
(-1 0 0 0 32 32 -1 -1 0)
(-1 0 0 0 32 32 -1 -1 0)
(-1 0 0 0 32 32 -1 -1 0)
(-1 0 0 0 32 32 -1 -1 0)
(-1 0 0 0 32 32 -1 -1 0)
(-1 0 0 0 32 32 -1 -1 0)
(-1 0 0 0 32 32 -1 -1 0)
(-1 0 0 0 32 32 -1 -1 0)
(-1 0 0 0 32 32 -1 -1 0)
(-1 0 0 0 32 32 -1 -1 0)
(-1 0 0 0 32 32 -1 -1 0)
(-1 0 0 0 32 32 -1 -1 0)
(-1 0 0 0 32 32 -1 -1 0)
(-1 0 0 0 32 32 -1 -1 0)
(-1 0 0 0 32 32 -1 -1 0)
(-1 0 0 0 32 32 -1 -1 0)
(-1 0 0 0 32 32 -1 -1 0)
(-1 0 0 0 32 32 -1 -1 0)
(-1 0 0 0 32 32 -1 -1 0)
(-1 0 0 0 32 32 -1 -1 0)
(-1 0 0 0 32 32 -1 -1 0)
(-1 0 0 0 32 32 -1 -1 0)
(-1 0 0 0 32 32 -1 -1 0)
(-1 0 0 0 32 32 -1 -1 0)
(-1 0 0 0 32 32 -1 -1 0)
(-1 0 0 0 32 32 -1 -1 0)
(-1 0 0 0 32 32 -1 -1 0)
(-1 0 0 0 32 32 -1 -1 0)
(-1 0 0 0 32 32 -1 -1 0)
(-1 0 0 0 32 32 -1 -1 0)
(-1 0 0 0 32 32 -1 -1 0)
(-1 0 0 0 32 32 -1 -1 0)
(-1 0 0 0 32 32 -1 -1 0)
(-1 0 0 0 32 32 -1 -1 0)
(-1 0 0 0 32 32 -1 -1 0)
(-1 0 0 0 32 32 -1 -1 0)
(-1 0 0 0 32 32 -1 -1 0)
(0 2 0 0 32 32 -1 -1 0)
(-1 0 0 0 32 32 -1 -1 0)
(-1 0 0 0 32 32 -1 -1 0)
(-1 0 0 0 32 32 -1 -1 0)
(-1 0 0 0 32 32 -1 -1 0)
(-1 0 0 0 32 32 -1 -1 0)
(-1 0 0 0 32 32 -1 -1 0)
(-1 0 0 0 32 32 -1 -1 0)
(-1 0 0 0 32 32 -1 -1 0)
(-1 0 0 0 32 32 -1 -1 0)
(-1 0 0 0 32 32 -1 -1 0)
(-1 0 0 0 32 32 -1 -1 0)
(-1 0 0 0 32 32 -1 -1 0)
(-1 0 0 0 32 32 -1 -1 0)
(-1 0 0 0 32 32 -1 -1 0)
(-1 0 0 0 32 32 -1 -1 0)
(-1 0 0 0 32 32 -1 -1 0)
(-1 0 0 0 32 32 -1 -1 0)
(-1 0 0 0 32 32 -1 -1 0)
(-1 0 0 0 32 32 -1 -1 0)
(-1 0 0 0 32 32 -1 -1 0)
(-1 0 0 0 32 32 -1 -1 0)
(-1 0 0 0 32 32 -1 -1 0)
(-1 0 0 0 32 32 -1 -1 0)
(-1 0 0 0 32 32 -1 -1 0)
(-1 0 0 0 32 32 -1 -1 0)
(-1 0 0 0 32 32 -1 -1 0)
(-1 0 0 0 32 32 -1 -1 0)
(-1 0 0 0 32 32 -1 -1 0)
(-1 0 0 0 32 32 -1 -1 0)
(-1 0 0 0 32 32 -1 -1 0)
(-1 0 0 0 32 32 -1 -1 0)
(-1 0 0 0 32 32 -1 -1 0)
(-1 0 0 0 32 32 -1 -1 0)
(-1 0 0 0 32 32 -1 -1 0)
(-1 0 0 0 32 32 -1 -1 0)
(-1 0 0 0 32 32 -1 -1 0)
(-1 0 0 0 32 32 -1 -1 0)
(-1 0 0 0 32 32 -1 -1 0)
(-1 0 0 0 32 32 -1 -1 0)
(-1 0 0 0 32 32 -1 -1 0)
(0 1 0 0 32 32 -1 -1 0)
(0 2 0 0 32 32 -1 -1 0)
(-1 0 0 0 32 32 -1 -1 0)
(-1 0 0 0 32 32 -1 -1 0)
(-1 0 0 0 32 32 -1 -1 0)
(-1 0 0 0 32 32 -1 -1 0)
(-1 0 0 0 32 32 -1 -1 0)
(-1 0 0 0 32 32 -1 -1 0)
(-1 0 0 0 32 32 -1 -1 0)
(-1 0 0 0 32 32 -1 -1 0)
(-1 0 0 0 32 32 -1 -1 0)
(-1 0 0 0 32 32 -1 -1 0)
(-1 0 0 0 32 32 -1 -1 0)
(-1 0 0 0 32 32 -1 -1 0)
(-1 0 0 0 32 32 -1 -1 0)
(-1 0 0 0 32 32 -1 -1 0)
(-1 0 0 0 32 32 -1 -1 0)
(-1 0 0 0 32 32 -1 -1 0)
(-1 0 0 0 32 32 -1 -1 0)
(-1 0 0 0 32 32 -1 -1 0)
(-1 0 0 0 32 32 -1 -1 0)
(-1 0 0 0 32 32 -1 -1 0)
(-1 0 0 0 32 32 -1 -1 0)
(-1 0 0 0 32 32 -1 -1 0)
(-1 0 0 0 32 32 -1 -1 0)
(-1 0 0 0 32 32 -1 -1 0)
(-1 0 0 0 32 32 -1 -1 0)
(-1 0 0 0 32 32 -1 -1 0)
(-1 0 0 0 32 32 -1 -1 0)
(-1 0 0 0 32 32 -1 -1 0)
(-1 0 0 0 32 32 -1 -1 0)
(-1 0 0 0 32 32 -1 -1 0)
(-1 0 0 0 32 32 -1 -1 0)
(-1 0 0 0 32 32 -1 -1 0)
(-1 0 0 0 32 32 -1 -1 0)
(-1 0 0 0 32 32 -1 -1 0)
(-1 0 0 0 32 32 -1 -1 0)
(-1 0 0 0 32 32 -1 -1 0)
(-1 0 0 0 32 32 -1 -1 0)
(-1 0 0 0 32 32 -1 -1 0)
(-1 0 0 0 32 32 -1 -1 0)
(-1 2 0 0 32 32 -1 -1 0)
(-1 0 0 0 32 32 -1 -1 0)
(0 0 0 0 32 32 -1 -1 0)
(-1 0 0 0 32 32 -1 -1 0)
(-1 0 0 0 32 32 -1 -1 0)
(-1 0 0 0 32 32 -1 -1 0)
(-1 0 0 0 32 32 -1 -1 0)
(-1 0 0 0 32 32 -1 -1 0)
(-1 0 0 0 32 32 -1 -1 0)
(-1 0 0 0 32 32 -1 -1 0)
(-1 0 0 0 32 32 -1 -1 0)
(-1 0 0 0 32 32 -1 -1 0)
(-1 0 0 0 32 32 -1 -1 0)
(-1 0 0 0 32 32 -1 -1 0)
(-1 0 0 0 32 32 -1 -1 0)
(-1 0 0 0 32 32 -1 -1 0)
(-1 0 0 0 32 32 -1 -1 0)
(-1 0 0 0 32 32 -1 -1 0)
(-1 0 0 0 32 32 -1 -1 0)
(-1 0 0 0 32 32 -1 -1 0)
(-1 0 0 0 32 32 -1 -1 0)
(-1 0 0 0 32 32 -1 -1 0)
(-1 0 0 0 32 32 -1 -1 0)
(-1 0 0 0 32 32 -1 -1 0)
(-1 0 0 0 32 32 -1 -1 0)
(-1 0 0 0 32 32 -1 -1 0)
(-1 0 0 0 32 32 -1 -1 0)
(-1 0 0 0 32 32 -1 -1 0)
(-1 0 0 0 32 32 -1 -1 0)
(-1 0 0 0 32 32 -1 -1 0)
(-1 0 0 0 32 32 -1 -1 0)
(-1 0 0 0 32 32 -1 -1 0)
(-1 0 0 0 32 32 -1 -1 0)
(-1 0 0 0 32 32 -1 -1 0)
(-1 0 0 0 32 32 -1 -1 0)
(-1 0 0 0 32 32 -1 -1 0)
(-1 0 0 0 32 32 -1 -1 0)
(-1 0 0 0 32 32 -1 -1 0)
(-1 0 0 0 32 32 -1 -1 0)
(-1 0 0 0 32 32 -1 -1 0)
(-1 0 0 0 32 32 -1 -1 0)
(-1 0 0 0 32 32 -1 -1 0)
(-1 2 0 0 32 32 -1 -1 0)
(-1 0 0 0 32 32 -1 0 0)
(0 0 0 0 32 32 -1 -1 0)
(4 1 0 0 32 32 -1 -1 0)
(4 1 0 0 32 32 -1 -1 2)
(4 1 0 0 32 32 -1 -1 0)
(4 1 0 0 32 32 -1 -1 0)
(4 1 0 0 32 32 -1 -1 0)
(6 4 0 0 32 32 -1 -1 0)
(4 1 0 0 32 32 -1 -1 0)
(4 1 0 0 32 32 -1 -1 0)
(-1 0 0 0 32 32 -1 -1 0)
(-1 0 0 0 32 32 -1 -1 0)
(-1 0 0 0 32 32 -1 -1 0)
(-1 0 0 0 32 32 -1 -1 0)
(-1 0 0 0 32 32 -1 -1 0)
(-1 0 0 0 32 32 -1 -1 0)
(-1 0 0 0 32 32 -1 -1 0)
(-1 0 0 0 32 32 -1 -1 0)
(-1 0 0 0 32 32 -1 -1 0)
(-1 0 0 0 32 32 -1 -1 0)
(-1 0 0 0 32 32 -1 -1 0)
(-1 0 0 0 32 32 -1 -1 0)
(-1 0 0 0 32 32 -1 -1 0)
(-1 0 0 0 32 32 -1 -1 0)
(-1 0 0 0 32 32 -1 -1 0)
(-1 0 0 0 32 32 -1 -1 0)
(-1 0 0 0 32 32 -1 -1 0)
(-1 0 0 0 32 32 -1 -1 0)
(-1 0 0 0 32 32 -1 -1 0)
(-1 0 0 0 32 32 -1 -1 0)
(-1 0 0 0 32 32 -1 -1 0)
(-1 0 0 0 32 32 -1 -1 0)
(-1 0 0 0 32 32 -1 -1 0)
(-1 0 0 0 32 32 -1 -1 0)
(-1 0 0 0 32 32 -1 -1 0)
(-1 0 0 0 32 32 -1 -1 0)
(-1 0 0 0 32 32 -1 -1 0)
(-1 0 0 0 32 32 -1 -1 0)
(-1 0 0 0 32 32 -1 -1 0)
(-1 0 0 0 32 32 -1 -1 0)
(-1 0 0 0 32 32 -1 -1 0)
(-1 2 0 0 32 32 -1 -1 0)
(-1 0 0 0 32 32 -1 0 0)
(0 2 0 0 32 32 -1 -1 0)
(-1 0 0 0 32 32 -1 -1 0)
(-1 0 0 0 32 32 -1 -1 0)
(-1 0 0 0 32 32 -1 -1 0)
(-1 0 0 0 32 32 -1 -1 0)
(-1 0 0 0 32 32 -1 -1 0)
(7 3 0 0 32 32 -1 -1 0)
(-1 0 0 0 32 32 -1 -1 0)
(-1 0 0 0 32 32 -1 -1 0)
(4 1 0 0 32 32 -1 -1 0)
(-1 0 0 0 32 32 -1 -1 0)
(-1 0 0 0 32 32 -1 -1 0)
(-1 0 0 0 32 32 -1 -1 0)
(-1 0 0 0 32 32 -1 -1 0)
(-1 0 0 0 32 32 -1 -1 0)
(-1 0 0 0 32 32 -1 -1 0)
(-1 0 0 0 32 32 -1 -1 0)
(-1 0 0 0 32 32 -1 -1 0)
(-1 0 0 0 32 32 -1 -1 0)
(-1 0 0 0 32 32 -1 -1 0)
(-1 0 0 0 32 32 -1 -1 0)
(-1 0 0 0 32 32 -1 -1 0)
(-1 0 0 0 32 32 -1 -1 0)
(-1 0 0 0 32 32 -1 -1 0)
(-1 0 0 0 32 32 -1 -1 0)
(-1 0 0 0 32 32 -1 -1 0)
(-1 0 0 0 32 32 -1 -1 0)
(-1 0 0 0 32 32 -1 -1 0)
(-1 0 0 0 32 32 -1 -1 0)
(-1 0 0 0 32 32 -1 -1 0)
(-1 0 0 0 32 32 -1 -1 0)
(-1 0 0 0 32 32 -1 -1 0)
(-1 0 0 0 32 32 -1 -1 0)
(0 1 0 0 32 32 -1 -1 0)
(0 1 0 0 32 32 -1 -1 0)
(-1 0 0 0 32 32 -1 -1 0)
(-1 0 0 0 32 32 -1 -1 0)
(-1 0 0 0 32 32 -1 -1 0)
(-1 0 0 0 32 32 -1 -1 0)
(-1 0 0 0 32 32 -1 -1 0)
(-1 1 0 0 32 32 -1 -1 0)
(-1 0 0 0 32 32 -1 0 0)
(0 2 0 0 32 32 -1 -1 0)
(-1 0 0 0 32 32 -1 -1 0)
(-1 0 0 0 32 32 -1 -1 0)
(-1 0 0 0 32 32 -1 -1 0)
(-1 0 0 0 32 32 -1 -1 0)
(-1 0 0 0 32 32 -1 -1 0)
(7 3 0 0 32 32 -1 -1 0)
(-1 0 0 0 32 32 -1 -1 0)
(-1 0 0 0 32 32 -1 -1 0)
(-1 0 0 0 32 32 -1 -1 0)
(4 1 0 0 32 32 -1 -1 0)
(-1 0 0 0 32 32 -1 -1 0)
(-1 0 0 0 32 32 -1 -1 0)
(-1 0 0 0 32 32 -1 -1 0)
(-1 0 0 0 32 32 -1 -1 0)
(-1 0 0 0 32 32 -1 -1 0)
(-1 0 0 0 32 32 -1 -1 0)
(-1 0 0 0 32 32 -1 -1 0)
(-1 0 0 0 32 32 -1 -1 0)
(-1 0 0 0 32 32 -1 -1 0)
(-1 0 0 0 32 32 -1 -1 0)
(-1 0 0 0 32 32 -1 -1 0)
(-1 0 0 0 32 32 -1 -1 0)
(-1 0 0 0 32 32 -1 -1 0)
(-1 0 0 0 32 32 -1 -1 0)
(-1 0 0 0 32 32 -1 -1 0)
(-1 0 0 0 32 32 -1 -1 0)
(-1 0 0 0 32 32 -1 -1 0)
(-1 0 0 0 32 32 -1 -1 0)
(-1 0 0 0 32 32 -1 -1 0)
(-1 0 0 0 32 32 -1 -1 0)
(-1 0 0 0 32 32 -1 -1 0)
(-1 0 0 0 32 32 -1 -1 0)
(-1 0 0 0 32 32 -1 -1 0)
(-1 0 0 0 32 32 -1 -1 0)
(-1 0 0 0 32 32 -1 -1 0)
(-1 0 0 0 32 32 -1 -1 0)
(-1 0 0 0 32 32 -1 -1 0)
(-1 0 0 0 32 32 -1 -1 0)
(-1 0 0 0 32 32 -1 -1 0)
(-1 2 0 0 32 32 -1 -1 0)
(-1 0 0 0 32 32 -1 0 0)
(0 2 0 0 32 32 -1 -1 0)
(-1 0 0 0 32 32 -1 -1 0)
(-1 0 0 0 32 32 -1 -1 0)
(-1 0 0 0 32 32 -1 -1 0)
(-1 0 0 0 32 32 -1 -1 0)
(-1 0 0 0 32 32 -1 -1 0)
(7 3 0 0 32 32 -1 -1 0)
(-1 0 0 0 32 32 -1 -1 0)
(-1 0 0 0 32 32 -1 -1 0)
(-1 0 0 0 32 32 -1 -1 0)
(-1 0 0 0 32 32 -1 -1 0)
(4 1 0 0 32 32 -1 -1 0)
(-1 0 0 0 32 32 -1 -1 0)
(-1 0 0 0 32 32 -1 -1 0)
(-1 0 0 0 32 32 -1 -1 0)
(-1 0 0 0 32 32 -1 -1 0)
(-1 0 0 0 32 32 -1 -1 0)
(-1 0 0 0 32 32 -1 -1 0)
(-1 0 0 0 32 32 -1 -1 0)
(-1 0 0 0 32 32 -1 -1 0)
(-1 0 0 0 32 32 -1 -1 0)
(-1 0 0 0 32 32 -1 -1 0)
(-1 0 0 0 32 32 -1 -1 0)
(-1 0 0 0 32 32 -1 -1 0)
(-1 0 0 0 32 32 -1 -1 0)
(-1 0 0 0 32 32 -1 -1 0)
(-1 0 0 0 32 32 -1 -1 0)
(-1 0 0 0 32 32 -1 -1 0)
(-1 0 0 0 32 32 -1 -1 0)
(-1 0 0 0 32 32 -1 -1 0)
(-1 0 0 0 32 32 -1 -1 0)
(-1 0 0 0 32 32 -1 -1 0)
(-1 0 0 0 32 32 -1 -1 0)
(-1 0 0 0 32 32 -1 -1 0)
(-1 0 0 0 32 32 -1 -1 0)
(-1 0 0 0 32 32 -1 -1 0)
(-1 0 0 0 32 32 -1 -1 0)
(-1 0 0 0 32 32 -1 -1 0)
(-1 0 0 0 32 32 -1 -1 0)
(-1 0 0 0 32 32 -1 -1 0)
(-1 2 0 0 32 32 -1 -1 0)
(0 0 0 0 32 32 -1 0 0)
(0 2 0 0 32 32 -1 -1 0)
(-1 0 0 0 32 32 -1 -1 0)
(-1 0 0 0 32 32 -1 -1 0)
(-1 0 0 0 32 32 -1 -1 0)
(-1 0 0 0 32 32 -1 -1 0)
(-1 0 0 0 32 32 -1 -1 0)
(7 3 0 0 32 32 -1 -1 0)
(-1 0 0 0 32 32 -1 -1 0)
(-1 0 0 0 32 32 -1 -1 0)
(-1 0 0 0 32 32 -1 -1 0)
(-1 0 0 0 32 32 -1 -1 0)
(-1 0 0 0 32 32 -1 -1 0)
(4 1 0 0 32 32 -1 -1 0)
(0 1 0 0 32 32 -1 -1 0)
(0 1 0 0 32 32 -1 -1 0)
(0 1 0 0 32 32 -1 -1 0)
(0 1 0 0 32 32 -1 -1 0)
(0 1 0 0 32 32 -1 -1 0)
(0 1 0 0 32 32 -1 -1 1)
(0 1 0 0 32 32 -1 -1 0)
(0 1 0 0 32 32 -1 -1 0)
(0 1 0 0 32 32 -1 -1 0)
(0 1 0 0 32 32 -1 -1 0)
(0 1 0 0 32 32 -1 -1 0)
(0 1 0 0 32 32 -1 -1 0)
(0 1 0 0 32 32 -1 -1 0)
(-1 0 0 0 32 32 -1 -1 0)
(-1 0 0 0 32 32 -1 -1 0)
(-1 0 0 0 32 32 -1 -1 0)
(-1 0 0 0 32 32 -1 -1 0)
(-1 0 0 0 32 32 -1 -1 0)
(-1 0 0 0 32 32 -1 -1 0)
(-1 0 0 0 32 32 -1 -1 0)
(-1 0 0 0 32 32 -1 -1 0)
(-1 0 0 0 32 32 -1 -1 0)
(-1 0 0 0 32 32 -1 -1 0)
(-1 0 0 0 32 32 -1 -1 0)
(-1 0 0 0 32 32 -1 -1 0)
(-1 0 0 0 32 32 -1 -1 0)
(-1 0 0 0 32 32 -1 -1 0)
(-1 2 0 0 32 32 -1 -1 0)
(0 1 0 0 32 32 -1 -1 0)
(0 1 0 0 32 32 -1 -1 0)
(-1 0 0 0 32 32 -1 -1 0)
(-1 0 0 0 32 32 -1 -1 0)
(-1 0 0 0 32 32 -1 -1 0)
(-1 0 0 0 32 32 -1 -1 0)
(-1 0 0 0 32 32 -1 -1 0)
(7 3 0 0 32 32 -1 -1 0)
(-1 0 0 0 32 32 -1 -1 0)
(-1 0 0 0 32 32 -1 -1 0)
(-1 0 0 0 32 32 -1 -1 0)
(-1 0 0 0 32 32 -1 -1 0)
(-1 0 0 0 32 32 -1 -1 0)
(-1 0 0 0 32 32 -1 -1 0)
(0 1 0 0 32 32 -1 -1 0)
(0 1 0 0 32 32 -1 -1 0)
(0 1 0 0 32 32 -1 -1 0)
(0 1 0 0 32 32 -1 -1 0)
(0 1 0 0 32 32 -1 -1 0)
(0 1 0 0 32 32 -1 -1 0)
(0 1 0 0 32 32 -1 -1 0)
(0 1 0 0 32 32 -1 -1 0)
(0 1 0 0 32 32 -1 -1 0)
(0 1 0 0 32 32 -1 -1 0)
(0 1 0 0 32 32 -1 -1 0)
(0 1 0 0 32 32 -1 -1 0)
(0 1 0 0 32 32 -1 -1 0)
(0 1 0 0 32 32 -1 -1 0)
(-1 0 0 0 32 32 -1 -1 0)
(-1 0 0 0 32 32 -1 -1 0)
(-1 0 0 0 32 32 -1 -1 0)
(-1 0 0 0 32 32 -1 -1 0)
(-1 0 0 0 32 32 -1 -1 0)
(-1 0 0 0 32 32 -1 -1 0)
(-1 0 0 0 32 32 -1 -1 0)
(-1 0 0 0 32 32 -1 -1 0)
(-1 0 0 0 32 32 -1 -1 0)
(-1 0 0 0 32 32 -1 -1 0)
(-1 0 0 0 32 32 -1 -1 0)
(-1 0 0 0 32 32 -1 -1 0)
(-1 0 0 0 32 32 -1 -1 0)
(-1 0 0 0 32 32 -1 -1 0)
(-1 0 0 0 32 32 -1 -1 0)
(0 0 0 0 32 32 -1 -1 0)
(-1 0 0 0 32 32 -1 2 0)
(-1 0 0 0 32 32 -1 2 0)
(-1 0 0 0 32 32 -1 2 0)
(-1 0 0 0 32 32 -1 2 0)
(-1 0 0 0 32 32 -1 2 0)
(7 3 0 0 32 32 -1 2 0)
(-1 0 0 0 32 32 -1 2 0)
(-1 0 0 0 32 32 -1 2 0)
(-1 0 0 0 32 32 -1 2 0)
(-1 0 0 0 32 32 -1 2 0)
(-1 0 0 0 32 32 -1 2 0)
(-1 0 0 0 32 32 -1 -1 0)
(-1 0 0 0 32 32 -1 -1 0)
(-1 0 0 0 32 32 -1 -1 0)
(-1 0 0 0 32 32 -1 -1 0)
(-1 0 0 0 32 32 -1 -1 0)
(-1 0 0 0 32 32 -1 -1 0)
(-1 0 0 0 32 32 -1 -1 0)
(-1 0 0 0 32 32 -1 -1 0)
(-1 0 0 0 32 32 -1 -1 0)
(-1 0 0 0 32 32 -1 -1 0)
(-1 0 0 0 32 32 -1 -1 0)
(-1 0 0 0 32 32 -1 -1 0)
(-1 0 0 0 32 32 -1 -1 0)
(-1 0 0 0 32 32 -1 -1 0)
(-1 0 0 0 32 32 -1 -1 0)
(0 0 0 0 32 32 -1 5 0)
(0 0 0 0 32 32 -1 5 0)
(-1 0 0 0 32 32 -1 5 0)
(-1 0 0 0 32 32 -1 5 0)
(-1 0 0 0 32 32 -1 5 0)
(-1 0 0 0 32 32 -1 5 0)
(-1 0 0 0 32 32 -1 5 0)
(-1 0 0 0 32 32 -1 5 0)
(-1 0 0 0 32 32 -1 -1 0)
(-1 0 0 0 32 32 -1 -1 0)
(-1 0 0 0 32 32 -1 -1 0)
(-1 0 0 0 32 32 -1 -1 0)
(-1 0 0 0 32 32 -1 -1 0)
(-1 0 0 0 32 32 -1 -1 0)
